./frames/1CM1_1_R_#217 1 1 28
./frames/1CM1_1_R_#217 2 29 72
./frames/1CM1_1_R_#217 2 73 235
./frames/1CM1_1_R_#217 2 236 260
./frames/1CM1_1_R_#217 2 261 448
./frames/1CM1_1_R_#217 2 449 509
./frames/1CM1_1_R_#217 2 510 756
./frames/1CM1_1_R_#217 2 757 788
./frames/1CM1_1_R_#217 2 789 1064
./frames/1CM1_1_R_#217 2 1065 1101
./frames/1CM1_1_R_#217 2 1102 1353
./frames/1CM1_1_R_#217 1 1354 1883
./frames/1CM1_1_R_#217 2 1884 1938
./frames/1CM1_1_R_#217 2 1939 2168
./frames/1CM1_1_R_#217 2 2169 2194
./frames/1CM1_1_R_#217 2 2195 2407
./frames/1CM1_1_R_#217 1 2408 2860
./frames/1CM1_1_R_#217 2 2861 2906
./frames/1CM1_1_R_#217 2 2907 3151
./frames/1CM1_1_R_#217 1 3152 3387
./frames/1CM1_1_R_#217 2 3388 3414
./frames/1CM1_1_R_#217 2 3415 3549
./frames/1CM1_1_R_#217 2 3550 3587
./frames/1CM1_1_R_#217 2 3588 3755
./frames/1CM1_1_R_#217 2 3756 3798
./frames/1CM1_1_R_#217 1 3799 3854
./frames/1CM1_1_R_#218 1 1 19
./frames/1CM1_1_R_#218 2 20 49
./frames/1CM1_1_R_#218 2 50 239
./frames/1CM1_1_R_#218 2 240 287
./frames/1CM1_1_R_#218 2 288 500
./frames/1CM1_1_R_#218 2 501 539
./frames/1CM1_1_R_#218 2 540 728
./frames/1CM1_1_R_#218 1 729 1040
./frames/1CM1_1_R_#218 2 1041 1074
./frames/1CM1_1_R_#218 2 1075 1322
./frames/1CM1_1_R_#218 2 1323 1358
./frames/1CM1_1_R_#218 2 1359 1584
./frames/1CM1_1_R_#218 1 1585 1905
./frames/1CM1_1_R_#218 2 1906 1945
./frames/1CM1_1_R_#218 2 1946 2195
./frames/1CM1_1_R_#218 1 2196 2490
./frames/1CM1_1_R_#218 2 2491 2543
./frames/1CM1_1_R_#218 2 2544 2779
./frames/1CM1_1_R_#218 2 2780 2824
./frames/1CM1_1_R_#218 2 2825 3021
./frames/1CM1_1_R_#218 2 3022 3054
./frames/1CM1_1_R_#218 2 3055 3275
./frames/1CM1_1_R_#218 2 3276 3315
./frames/1CM1_1_R_#218 2 3316 3547
./frames/1CM1_1_R_#218 2 3548 3597
./frames/1CM1_1_R_#218 1 3598 3655
./frames/1CM1_1_R_#219 1 1 21
./frames/1CM1_1_R_#219 2 22 61
./frames/1CM1_1_R_#219 2 62 275
./frames/1CM1_1_R_#219 2 276 304
./frames/1CM1_1_R_#219 2 305 577
./frames/1CM1_1_R_#219 2 578 625
./frames/1CM1_1_R_#219 2 626 842
./frames/1CM1_1_R_#219 2 843 889
./frames/1CM1_1_R_#219 2 890 1130
./frames/1CM1_1_R_#219 1 1131 1500
./frames/1CM1_1_R_#219 2 1501 1566
./frames/1CM1_1_R_#219 2 1567 1829
./frames/1CM1_1_R_#219 2 1830 1872
./frames/1CM1_1_R_#219 2 1873 2086
./frames/1CM1_1_R_#219 2 2087 2131
./frames/1CM1_1_R_#219 2 2132 2381
./frames/1CM1_1_R_#219 2 2382 2415
./frames/1CM1_1_R_#219 2 2416 2681
./frames/1CM1_1_R_#219 1 2682 3016
./frames/1CM1_1_R_#219 2 3017 3053
./frames/1CM1_1_R_#219 2 3054 3352
./frames/1CM1_1_R_#219 1 3353 3598
./frames/1CM1_1_R_#219 2 3599 3639
./frames/1CM1_1_R_#219 2 3640 3817
./frames/1CM1_1_R_#219 2 3818 3864
./frames/1CM1_1_R_#219 1 3865 3921
./frames/1CM1_1_R_#220 1 1 25
./frames/1CM1_1_R_#220 2 26 68
./frames/1CM1_1_R_#220 2 69 307
./frames/1CM1_1_R_#220 2 308 344
./frames/1CM1_1_R_#220 2 345 572
./frames/1CM1_1_R_#220 2 573 611
./frames/1CM1_1_R_#220 2 612 883
./frames/1CM1_1_R_#220 2 884 918
./frames/1CM1_1_R_#220 2 919 1160
./frames/1CM1_1_R_#220 1 1161 1457
./frames/1CM1_1_R_#220 2 1458 1507
./frames/1CM1_1_R_#220 2 1508 1761
./frames/1CM1_1_R_#220 2 1762 1788
./frames/1CM1_1_R_#220 2 1789 2014
./frames/1CM1_1_R_#220 1 2015 2372
./frames/1CM1_1_R_#220 2 2373 2405
./frames/1CM1_1_R_#220 2 2406 2644
./frames/1CM1_1_R_#220 2 2645 2689
./frames/1CM1_1_R_#220 2 2690 2915
./frames/1CM1_1_R_#220 1 2916 3227
./frames/1CM1_1_R_#220 2 3228 3267
./frames/1CM1_1_R_#220 2 3268 3482
./frames/1CM1_1_R_#220 2 3483 3514
./frames/1CM1_1_R_#220 2 3515 3789
./frames/1CM1_1_R_#220 2 3790 3836
./frames/1CM1_1_R_#220 1 3837 3889
./frames/1CM1_2_R_#221 1 1 75
./frames/1CM1_2_R_#221 2 76 128
./frames/1CM1_2_R_#221 1 129 144
./frames/1CM1_2_R_#221 2 145 348
./frames/1CM1_2_R_#221 1 349 375
./frames/1CM1_2_R_#221 2 376 423
./frames/1CM1_2_R_#221 1 424 457
./frames/1CM1_2_R_#221 2 458 592
./frames/1CM1_2_R_#221 1 593 649
./frames/1CM1_2_R_#221 2 650 691
./frames/1CM1_2_R_#221 1 692 728
./frames/1CM1_2_R_#221 2 729 907
./frames/1CM1_2_R_#221 1 908 936
./frames/1CM1_2_R_#221 2 937 988
./frames/1CM1_2_R_#221 1 989 1025
./frames/1CM1_2_R_#221 2 1026 1172
./frames/1CM1_2_R_#221 1 1173 1391
./frames/1CM1_2_R_#221 2 1392 1456
./frames/1CM1_2_R_#221 1 1457 1518
./frames/1CM1_2_R_#221 2 1519 1674
./frames/1CM1_2_R_#221 1 1675 1750
./frames/1CM1_2_R_#221 2 1751 1788
./frames/1CM1_2_R_#221 1 1789 1883
./frames/1CM1_2_R_#221 2 1884 2045
./frames/1CM1_2_R_#221 1 2046 2106
./frames/1CM1_2_R_#221 2 2107 2173
./frames/1CM1_2_R_#221 1 2174 2228
./frames/1CM1_2_R_#221 2 2229 2363
./frames/1CM1_2_R_#221 1 2364 2650
./frames/1CM1_2_R_#221 2 2651 2710
./frames/1CM1_2_R_#221 1 2711 2729
./frames/1CM1_2_R_#221 2 2730 2833
./frames/1CM1_2_R_#221 1 2834 2995
./frames/1CM1_2_R_#221 2 2996 3044
./frames/1CM1_2_R_#221 1 3045 3103
./frames/1CM1_2_R_#221 2 3104 3299
./frames/1CM1_2_R_#221 1 3300 3370
./frames/1CM1_2_R_#221 2 3371 3405
./frames/1CM1_2_R_#221 1 3406 3495
./frames/1CM1_2_R_#221 2 3496 3642
./frames/1CM1_2_R_#221 1 3643 3688
./frames/1CM1_2_R_#221 2 3689 3723
./frames/1CM1_2_R_#221 1 3724 3768
./frames/1CM1_2_R_#222 1 1 29
./frames/1CM1_2_R_#222 2 30 80
./frames/1CM1_2_R_#222 1 81 107
./frames/1CM1_2_R_#222 2 108 250
./frames/1CM1_2_R_#222 1 251 307
./frames/1CM1_2_R_#222 2 308 337
./frames/1CM1_2_R_#222 1 338 364
./frames/1CM1_2_R_#222 2 365 509
./frames/1CM1_2_R_#222 1 510 554
./frames/1CM1_2_R_#222 2 555 594
./frames/1CM1_2_R_#222 1 595 654
./frames/1CM1_2_R_#222 2 655 839
./frames/1CM1_2_R_#222 1 840 903
./frames/1CM1_2_R_#222 2 904 925
./frames/1CM1_2_R_#222 1 926 984
./frames/1CM1_2_R_#222 2 985 1151
./frames/1CM1_2_R_#222 1 1152 1415
./frames/1CM1_2_R_#222 2 1416 1441
./frames/1CM1_2_R_#222 1 1442 1493
./frames/1CM1_2_R_#222 2 1494 1673
./frames/1CM1_2_R_#222 1 1674 1709
./frames/1CM1_2_R_#222 2 1710 1733
./frames/1CM1_2_R_#222 1 1734 1793
./frames/1CM1_2_R_#222 2 1794 1948
./frames/1CM1_2_R_#222 1 1949 1987
./frames/1CM1_2_R_#222 2 1988 2013
./frames/1CM1_2_R_#222 1 2014 2036
./frames/1CM1_2_R_#222 2 2037 2204
./frames/1CM1_2_R_#222 1 2205 2511
./frames/1CM1_2_R_#222 2 2512 2553
./frames/1CM1_2_R_#222 1 2554 2597
./frames/1CM1_2_R_#222 2 2598 2763
./frames/1CM1_2_R_#222 1 2764 2874
./frames/1CM1_2_R_#222 2 2875 2937
./frames/1CM1_2_R_#222 1 2938 2968
./frames/1CM1_2_R_#222 2 2969 3129
./frames/1CM1_2_R_#222 1 3130 3175
./frames/1CM1_2_R_#222 2 3176 3211
./frames/1CM1_2_R_#222 1 3212 3255
./frames/1CM1_2_R_#222 2 3256 3412
./frames/1CM1_2_R_#222 1 3413 3455
./frames/1CM1_2_R_#222 2 3456 3507
./frames/1CM1_2_R_#222 1 3508 3651
./frames/1CM1_2_R_#223 1 1 29
./frames/1CM1_2_R_#223 2 30 63
./frames/1CM1_2_R_#223 1 64 101
./frames/1CM1_2_R_#223 2 102 263
./frames/1CM1_2_R_#223 1 264 358
./frames/1CM1_2_R_#223 2 359 397
./frames/1CM1_2_R_#223 1 398 449
./frames/1CM1_2_R_#223 2 450 605
./frames/1CM1_2_R_#223 1 606 697
./frames/1CM1_2_R_#223 2 698 729
./frames/1CM1_2_R_#223 1 730 865
./frames/1CM1_2_R_#223 2 866 1033
./frames/1CM1_2_R_#223 1 1034 1059
./frames/1CM1_2_R_#223 2 1060 1110
./frames/1CM1_2_R_#223 1 1111 1150
./frames/1CM1_2_R_#223 2 1151 1281
./frames/1CM1_2_R_#223 1 1282 1497
./frames/1CM1_2_R_#223 2 1498 1518
./frames/1CM1_2_R_#223 1 1519 1567
./frames/1CM1_2_R_#223 2 1568 1693
./frames/1CM1_2_R_#223 1 1694 1971
./frames/1CM1_2_R_#223 2 1972 1995
./frames/1CM1_2_R_#223 1 1996 2049
./frames/1CM1_2_R_#223 2 2050 2193
./frames/1CM1_2_R_#223 1 2194 2217
./frames/1CM1_2_R_#223 2 2218 2254
./frames/1CM1_2_R_#223 1 2255 2301
./frames/1CM1_2_R_#223 2 2302 2483
./frames/1CM1_2_R_#223 1 2484 2506
./frames/1CM1_2_R_#223 2 2507 2557
./frames/1CM1_2_R_#223 1 2558 2652
./frames/1CM1_2_R_#223 2 2653 2832
./frames/1CM1_2_R_#223 1 2833 2876
./frames/1CM1_2_R_#223 2 2877 2924
./frames/1CM1_2_R_#223 1 2925 2978
./frames/1CM1_2_R_#223 2 2979 3164
./frames/1CM1_2_R_#223 1 3165 3368
./frames/1CM1_2_R_#223 2 3369 3421
./frames/1CM1_2_R_#223 1 3422 3489
./frames/1CM1_2_R_#223 2 3490 3699
./frames/1CM1_2_R_#223 1 3700 3826
./frames/1CM1_2_R_#223 2 3827 3875
./frames/1CM1_2_R_#223 1 3876 3988
./frames/1CM1_2_R_#224 1 1 34
./frames/1CM1_2_R_#224 2 35 87
./frames/1CM1_2_R_#224 1 88 130
./frames/1CM1_2_R_#224 2 131 265
./frames/1CM1_2_R_#224 1 266 273
./frames/1CM1_2_R_#224 2 274 343
./frames/1CM1_2_R_#224 1 344 376
./frames/1CM1_2_R_#224 2 377 520
./frames/1CM1_2_R_#224 1 521 565
./frames/1CM1_2_R_#224 2 566 600
./frames/1CM1_2_R_#224 1 601 683
./frames/1CM1_2_R_#224 2 684 828
./frames/1CM1_2_R_#224 1 829 872
./frames/1CM1_2_R_#224 2 873 930
./frames/1CM1_2_R_#224 1 931 991
./frames/1CM1_2_R_#224 2 992 1130
./frames/1CM1_2_R_#224 1 1131 1339
./frames/1CM1_2_R_#224 2 1340 1389
./frames/1CM1_2_R_#224 1 1390 1422
./frames/1CM1_2_R_#224 2 1423 1579
./frames/1CM1_2_R_#224 1 1580 1786
./frames/1CM1_2_R_#224 2 1787 1841
./frames/1CM1_2_R_#224 1 1842 1896
./frames/1CM1_2_R_#224 2 1897 2054
./frames/1CM1_2_R_#224 1 2055 2105
./frames/1CM1_2_R_#224 2 2106 2162
./frames/1CM1_2_R_#224 1 2163 2223
./frames/1CM1_2_R_#224 2 2224 2368
./frames/1CM1_2_R_#224 1 2369 2399
./frames/1CM1_2_R_#224 2 2400 2446
./frames/1CM1_2_R_#224 1 2447 2493
./frames/1CM1_2_R_#224 2 2494 2629
./frames/1CM1_2_R_#224 1 2630 2916
./frames/1CM1_2_R_#224 2 2917 2979
./frames/1CM1_2_R_#224 1 2980 3020
./frames/1CM1_2_R_#224 2 3021 3266
./frames/1CM1_2_R_#224 1 3267 3339
./frames/1CM1_2_R_#224 2 3340 3368
./frames/1CM1_2_R_#224 1 3369 3437
./frames/1CM1_2_R_#224 2 3438 3612
./frames/1CM1_2_R_#224 1 3613 3650
./frames/1CM1_2_R_#224 2 3651 3693
./frames/1CM1_2_R_#224 1 3694 3822
./frames/1CM1_3_R_#225 1 1 43
./frames/1CM1_3_R_#225 2 44 78
./frames/1CM1_3_R_#225 2 79 344
./frames/1CM1_3_R_#225 2 345 395
./frames/1CM1_3_R_#225 2 396 660
./frames/1CM1_3_R_#225 2 661 706
./frames/1CM1_3_R_#225 2 707 934
./frames/1CM1_3_R_#225 2 935 971
./frames/1CM1_3_R_#225 2 972 1289
./frames/1CM1_3_R_#225 2 1290 1338
./frames/1CM1_3_R_#225 2 1339 1635
./frames/1CM1_3_R_#225 1 1636 1926
./frames/1CM1_3_R_#225 2 1927 1988
./frames/1CM1_3_R_#225 2 1989 2245
./frames/1CM1_3_R_#225 1 2246 2470
./frames/1CM1_3_R_#225 2 2471 2510
./frames/1CM1_3_R_#225 2 2511 2881
./frames/1CM1_3_R_#225 2 2882 2930
./frames/1CM1_3_R_#225 2 2931 3266
./frames/1CM1_3_R_#225 2 3267 3314
./frames/1CM1_3_R_#225 2 3315 3593
./frames/1CM1_3_R_#225 1 3594 3857
./frames/1CM1_3_R_#225 2 3858 3902
./frames/1CM1_3_R_#225 2 3903 4136
./frames/1CM1_3_R_#225 2 4137 4229
./frames/1CM1_3_R_#225 1 4230 4260
./frames/1CM1_3_R_#226 1 1 56
./frames/1CM1_3_R_#226 2 57 85
./frames/1CM1_3_R_#226 2 86 351
./frames/1CM1_3_R_#226 2 352 394
./frames/1CM1_3_R_#226 2 395 683
./frames/1CM1_3_R_#226 2 684 720
./frames/1CM1_3_R_#226 2 721 1085
./frames/1CM1_3_R_#226 1 1086 1493
./frames/1CM1_3_R_#226 2 1494 1515
./frames/1CM1_3_R_#226 2 1516 1991
./frames/1CM1_3_R_#226 1 1992 2322
./frames/1CM1_3_R_#226 2 2323 2370
./frames/1CM1_3_R_#226 2 2371 2635
./frames/1CM1_3_R_#226 2 2636 2668
./frames/1CM1_3_R_#226 2 2669 3052
./frames/1CM1_3_R_#226 1 3053 3398
./frames/1CM1_3_R_#226 2 3399 3427
./frames/1CM1_3_R_#226 2 3428 3767
./frames/1CM1_3_R_#226 2 3768 3795
./frames/1CM1_3_R_#226 2 3796 4050
./frames/1CM1_3_R_#226 2 4051 4083
./frames/1CM1_3_R_#226 2 4084 4329
./frames/1CM1_3_R_#226 2 4330 4385
./frames/1CM1_3_R_#226 2 4386 4696
./frames/1CM1_3_R_#226 2 4697 4739
./frames/1CM1_3_R_#226 1 4740 4795
./frames/1CM1_3_R_#227 1 1 37
./frames/1CM1_3_R_#227 2 38 61
./frames/1CM1_3_R_#227 2 62 366
./frames/1CM1_3_R_#227 2 367 416
./frames/1CM1_3_R_#227 2 417 732
./frames/1CM1_3_R_#227 2 733 764
./frames/1CM1_3_R_#227 2 765 1112
./frames/1CM1_3_R_#227 2 1113 1153
./frames/1CM1_3_R_#227 2 1154 1506
./frames/1CM1_3_R_#227 1 1507 1873
./frames/1CM1_3_R_#227 2 1874 1909
./frames/1CM1_3_R_#227 2 1910 2413
./frames/1CM1_3_R_#227 1 2414 2652
./frames/1CM1_3_R_#227 2 2653 2694
./frames/1CM1_3_R_#227 2 2695 3010
./frames/1CM1_3_R_#227 2 3011 3055
./frames/1CM1_3_R_#227 2 3056 3351
./frames/1CM1_3_R_#227 1 3352 3681
./frames/1CM1_3_R_#227 2 3682 3700
./frames/1CM1_3_R_#227 2 3701 4353
./frames/1CM1_3_R_#227 2 4354 4386
./frames/1CM1_3_R_#227 2 4387 4651
./frames/1CM1_3_R_#227 2 4652 4686
./frames/1CM1_3_R_#227 2 4687 4984
./frames/1CM1_3_R_#227 2 4985 5009
./frames/1CM1_3_R_#227 1 5010 5038
./frames/1CM1_3_R_#228 1 1 53
./frames/1CM1_3_R_#228 2 54 88
./frames/1CM1_3_R_#228 2 89 361
./frames/1CM1_3_R_#228 2 362 388
./frames/1CM1_3_R_#228 2 389 622
./frames/1CM1_3_R_#228 2 623 650
./frames/1CM1_3_R_#228 2 651 935
./frames/1CM1_3_R_#228 2 936 962
./frames/1CM1_3_R_#228 2 963 1314
./frames/1CM1_3_R_#228 1 1315 1500
./frames/1CM1_3_R_#228 2 1501 1552
./frames/1CM1_3_R_#228 2 1553 1950
./frames/1CM1_3_R_#228 1 1951 2098
./frames/1CM1_3_R_#228 2 2099 2145
./frames/1CM1_3_R_#228 2 2146 2473
./frames/1CM1_3_R_#228 2 2474 2503
./frames/1CM1_3_R_#228 2 2504 2804
./frames/1CM1_3_R_#228 2 2805 2833
./frames/1CM1_3_R_#228 2 2834 3196
./frames/1CM1_3_R_#228 1 3197 3433
./frames/1CM1_3_R_#228 2 3434 3458
./frames/1CM1_3_R_#228 2 3459 3771
./frames/1CM1_3_R_#228 2 3772 3800
./frames/1CM1_3_R_#228 2 3801 4112
./frames/1CM1_3_R_#228 2 4113 4169
./frames/1CM1_3_R_#228 1 4170 4176
./frames/1CM42_15_R_#197 2 1 14
./frames/1CM42_15_R_#197 2 15 71
./frames/1CM42_15_R_#197 2 72 347
./frames/1CM42_15_R_#197 2 348 414
./frames/1CM42_15_R_#197 2 415 742
./frames/1CM42_15_R_#197 2 743 792
./frames/1CM42_15_R_#197 2 793 1060
./frames/1CM42_15_R_#197 2 1061 1083
./frames/1CM42_15_R_#197 2 1084 1337
./frames/1CM42_15_R_#197 2 1338 1401
./frames/1CM42_15_R_#197 2 1402 1620
./frames/1CM42_15_R_#197 2 1621 1670
./frames/1CM42_15_R_#197 2 1671 1953
./frames/1CM42_15_R_#197 1 1954 2250
./frames/1CM42_15_R_#197 2 2251 2281
./frames/1CM42_15_R_#197 2 2282 2662
./frames/1CM42_15_R_#197 2 2663 2697
./frames/1CM42_15_R_#197 2 2698 2959
./frames/1CM42_15_R_#197 1 2960 3198
./frames/1CM42_15_R_#197 2 3199 3259
./frames/1CM42_15_R_#197 2 3260 3540
./frames/1CM42_15_R_#197 1 3541 3711
./frames/1CM42_15_R_#197 2 3712 3743
./frames/1CM42_15_R_#197 2 3744 4009
./frames/1CM42_15_R_#197 2 4010 4032
./frames/1CM42_15_R_#197 1 4033 4124
./frames/1CM42_15_R_#198 2 1 15
./frames/1CM42_15_R_#198 2 16 62
./frames/1CM42_15_R_#198 2 63 360
./frames/1CM42_15_R_#198 2 361 406
./frames/1CM42_15_R_#198 2 407 822
./frames/1CM42_15_R_#198 2 823 852
./frames/1CM42_15_R_#198 2 853 1141
./frames/1CM42_15_R_#198 2 1142 1181
./frames/1CM42_15_R_#198 2 1182 1530
./frames/1CM42_15_R_#198 1 1531 1760
./frames/1CM42_15_R_#198 2 1761 1830
./frames/1CM42_15_R_#198 2 1831 2160
./frames/1CM42_15_R_#198 2 2161 2210
./frames/1CM42_15_R_#198 2 2211 2511
./frames/1CM42_15_R_#198 1 2512 2764
./frames/1CM42_15_R_#198 2 2765 2808
./frames/1CM42_15_R_#198 2 2809 3165
./frames/1CM42_15_R_#198 1 3166 3394
./frames/1CM42_15_R_#198 2 3395 3448
./frames/1CM42_15_R_#198 2 3449 3804
./frames/1CM42_15_R_#198 2 3805 3858
./frames/1CM42_15_R_#198 2 3859 4044
./frames/1CM42_15_R_#198 2 4045 4081
./frames/1CM42_15_R_#198 2 4082 4371
./frames/1CM42_15_R_#198 2 4372 4425
./frames/1CM42_15_R_#198 1 4426 4465
./frames/1CM42_15_R_#199 2 1 16
./frames/1CM42_15_R_#199 2 17 65
./frames/1CM42_15_R_#199 2 66 329
./frames/1CM42_15_R_#199 2 330 387
./frames/1CM42_15_R_#199 2 388 660
./frames/1CM42_15_R_#199 2 661 710
./frames/1CM42_15_R_#199 2 711 947
./frames/1CM42_15_R_#199 2 948 992
./frames/1CM42_15_R_#199 2 993 1292
./frames/1CM42_15_R_#199 1 1293 1534
./frames/1CM42_15_R_#199 2 1535 1597
./frames/1CM42_15_R_#199 2 1598 1941
./frames/1CM42_15_R_#199 1 1942 2239
./frames/1CM42_15_R_#199 2 2240 2308
./frames/1CM42_15_R_#199 2 2309 2602
./frames/1CM42_15_R_#199 2 2603 2641
./frames/1CM42_15_R_#199 2 2642 2887
./frames/1CM42_15_R_#199 2 2888 2929
./frames/1CM42_15_R_#199 2 2930 3162
./frames/1CM42_15_R_#199 1 3163 3558
./frames/1CM42_15_R_#199 2 3559 3597
./frames/1CM42_15_R_#199 2 3598 3884
./frames/1CM42_15_R_#199 2 3885 3910
./frames/1CM42_15_R_#199 2 3911 4161
./frames/1CM42_15_R_#199 2 4162 4219
./frames/1CM42_15_R_#199 1 4220 4243
./frames/1CM42_15_R_#200 2 1 11
./frames/1CM42_15_R_#200 2 12 60
./frames/1CM42_15_R_#200 2 61 400
./frames/1CM42_15_R_#200 2 401 451
./frames/1CM42_15_R_#200 2 452 780
./frames/1CM42_15_R_#200 2 781 828
./frames/1CM42_15_R_#200 2 829 1173
./frames/1CM42_15_R_#200 2 1174 1230
./frames/1CM42_15_R_#200 2 1231 1500
./frames/1CM42_15_R_#200 2 1501 1542
./frames/1CM42_15_R_#200 2 1543 1796
./frames/1CM42_15_R_#200 1 1797 2086
./frames/1CM42_15_R_#200 2 2087 2136
./frames/1CM42_15_R_#200 2 2137 2486
./frames/1CM42_15_R_#200 2 2487 2536
./frames/1CM42_15_R_#200 2 2537 2885
./frames/1CM42_15_R_#200 1 2886 3201
./frames/1CM42_15_R_#200 2 3202 3238
./frames/1CM42_15_R_#200 2 3239 3559
./frames/1CM42_15_R_#200 1 3560 3699
./frames/1CM42_15_R_#200 2 3700 3739
./frames/1CM42_15_R_#200 2 3740 4152
./frames/1CM42_15_R_#200 2 4153 4198
./frames/1CM42_15_R_#200 2 4199 4483
./frames/1CM42_15_R_#200 2 4484 4536
./frames/1CM42_15_R_#200 1 4537 4583
./frames/1CM42_30_R_#145 1 1 63
./frames/1CM42_30_R_#145 2 64 105
./frames/1CM42_30_R_#145 2 106 430
./frames/1CM42_30_R_#145 2 431 463
./frames/1CM42_30_R_#145 2 464 704
./frames/1CM42_30_R_#145 2 705 735
./frames/1CM42_30_R_#145 2 736 945
./frames/1CM42_30_R_#145 2 946 987
./frames/1CM42_30_R_#145 2 988 1248
./frames/1CM42_30_R_#145 1 1249 1509
./frames/1CM42_30_R_#145 2 1510 1534
./frames/1CM42_30_R_#145 2 1535 1796
./frames/1CM42_30_R_#145 1 1797 2092
./frames/1CM42_30_R_#145 2 2093 2125
./frames/1CM42_30_R_#145 2 2126 2397
./frames/1CM42_30_R_#145 2 2398 2450
./frames/1CM42_30_R_#145 2 2451 2694
./frames/1CM42_30_R_#145 2 2695 2735
./frames/1CM42_30_R_#145 2 2736 3074
./frames/1CM42_30_R_#145 2 3075 3120
./frames/1CM42_30_R_#145 2 3121 3277
./frames/1CM42_30_R_#145 1 3278 3511
./frames/1CM42_30_R_#145 2 3512 3538
./frames/1CM42_30_R_#145 2 3539 3677
./frames/1CM42_30_R_#145 2 3678 3714
./frames/1CM42_30_R_#145 1 3715 3760
./frames/1CM42_30_R_#146 1 1 37
./frames/1CM42_30_R_#146 2 38 104
./frames/1CM42_30_R_#146 2 105 408
./frames/1CM42_30_R_#146 2 409 451
./frames/1CM42_30_R_#146 2 452 812
./frames/1CM42_30_R_#146 2 813 870
./frames/1CM42_30_R_#146 2 871 1180
./frames/1CM42_30_R_#146 2 1181 1222
./frames/1CM42_30_R_#146 2 1223 1453
./frames/1CM42_30_R_#146 2 1454 1496
./frames/1CM42_30_R_#146 2 1497 1705
./frames/1CM42_30_R_#146 1 1706 2032
./frames/1CM42_30_R_#146 2 2033 2084
./frames/1CM42_30_R_#146 2 2085 2308
./frames/1CM42_30_R_#146 1 2309 2546
./frames/1CM42_30_R_#146 2 2547 2588
./frames/1CM42_30_R_#146 2 2589 2784
./frames/1CM42_30_R_#146 1 2785 3032
./frames/1CM42_30_R_#146 2 3033 3094
./frames/1CM42_30_R_#146 2 3095 3277
./frames/1CM42_30_R_#146 2 3278 3337
./frames/1CM42_30_R_#146 2 3338 3558
./frames/1CM42_30_R_#146 2 3559 3598
./frames/1CM42_30_R_#146 2 3599 3722
./frames/1CM42_30_R_#146 2 3723 3754
./frames/1CM42_30_R_#147 1 1 44
./frames/1CM42_30_R_#147 2 45 102
./frames/1CM42_30_R_#147 2 103 417
./frames/1CM42_30_R_#147 2 418 454
./frames/1CM42_30_R_#147 2 455 735
./frames/1CM42_30_R_#147 2 736 768
./frames/1CM42_30_R_#147 2 769 1045
./frames/1CM42_30_R_#147 2 1046 1078
./frames/1CM42_30_R_#147 2 1079 1258
./frames/1CM42_30_R_#147 1 1259 1444
./frames/1CM42_30_R_#147 2 1445 1503
./frames/1CM42_30_R_#147 2 1504 1646
./frames/1CM42_30_R_#147 1 1647 1850
./frames/1CM42_30_R_#147 2 1851 1901
./frames/1CM42_30_R_#147 2 1902 2239
./frames/1CM42_30_R_#147 2 2240 2285
./frames/1CM42_30_R_#147 2 2286 2540
./frames/1CM42_30_R_#147 2 2541 2578
./frames/1CM42_30_R_#147 2 2579 2850
./frames/1CM42_30_R_#147 1 2851 3053
./frames/1CM42_30_R_#147 2 3054 3101
./frames/1CM42_30_R_#147 2 3102 3334
./frames/1CM42_30_R_#147 2 3335 3382
./frames/1CM42_30_R_#147 2 3383 3636
./frames/1CM42_30_R_#147 2 3637 3691
./frames/1CM42_30_R_#148 1 1 41
./frames/1CM42_30_R_#148 2 42 96
./frames/1CM42_30_R_#148 2 97 351
./frames/1CM42_30_R_#148 2 352 385
./frames/1CM42_30_R_#148 2 386 618
./frames/1CM42_30_R_#148 2 619 644
./frames/1CM42_30_R_#148 2 645 925
./frames/1CM42_30_R_#148 2 926 965
./frames/1CM42_30_R_#148 2 966 1225
./frames/1CM42_30_R_#148 1 1226 1489
./frames/1CM42_30_R_#148 2 1490 1544
./frames/1CM42_30_R_#148 2 1545 1716
./frames/1CM42_30_R_#148 1 1717 1967
./frames/1CM42_30_R_#148 2 1968 2011
./frames/1CM42_30_R_#148 2 2012 2353
./frames/1CM42_30_R_#148 2 2354 2396
./frames/1CM42_30_R_#148 2 2397 2632
./frames/1CM42_30_R_#148 2 2633 2686
./frames/1CM42_30_R_#148 2 2687 2866
./frames/1CM42_30_R_#148 1 2867 3066
./frames/1CM42_30_R_#148 2 3067 3106
./frames/1CM42_30_R_#148 2 3107 3360
./frames/1CM42_30_R_#148 2 3361 3408
./frames/1CM42_30_R_#148 2 3409 3635
./frames/1CM42_30_R_#148 2 3636 3672
./frames/1CM42_31_R_#129 1 1 30
./frames/1CM42_31_R_#129 2 31 120
./frames/1CM42_31_R_#129 2 121 372
./frames/1CM42_31_R_#129 2 373 438
./frames/1CM42_31_R_#129 2 439 742
./frames/1CM42_31_R_#129 2 743 816
./frames/1CM42_31_R_#129 2 817 1077
./frames/1CM42_31_R_#129 2 1078 1116
./frames/1CM42_31_R_#129 2 1117 1396
./frames/1CM42_31_R_#129 2 1397 1452
./frames/1CM42_31_R_#129 2 1453 1757
./frames/1CM42_31_R_#129 2 1758 1813
./frames/1CM42_31_R_#129 2 1814 2044
./frames/1CM42_31_R_#129 1 2045 2258
./frames/1CM42_31_R_#129 2 2259 2367
./frames/1CM42_31_R_#129 2 2368 2587
./frames/1CM42_31_R_#129 1 2588 2782
./frames/1CM42_31_R_#129 2 2783 2840
./frames/1CM42_31_R_#129 2 2841 3067
./frames/1CM42_31_R_#129 1 3068 3270
./frames/1CM42_31_R_#129 2 3271 3352
./frames/1CM42_31_R_#129 2 3353 3676
./frames/1CM42_31_R_#129 2 3677 3729
./frames/1CM42_31_R_#129 2 3730 4001
./frames/1CM42_31_R_#129 2 4002 4019
./frames/1CM42_31_R_#129 1 4020 4043
./frames/1CM42_31_R_#130 1 1 58
./frames/1CM42_31_R_#130 2 59 154
./frames/1CM42_31_R_#130 2 155 427
./frames/1CM42_31_R_#130 2 428 539
./frames/1CM42_31_R_#130 2 540 793
./frames/1CM42_31_R_#130 2 794 842
./frames/1CM42_31_R_#130 2 843 1145
./frames/1CM42_31_R_#130 2 1146 1266
./frames/1CM42_31_R_#130 2 1267 1552
./frames/1CM42_31_R_#130 1 1553 2004
./frames/1CM42_31_R_#130 2 2005 2110
./frames/1CM42_31_R_#130 2 2111 2428
./frames/1CM42_31_R_#130 2 2429 2558
./frames/1CM42_31_R_#130 2 2559 2773
./frames/1CM42_31_R_#130 2 2774 2854
./frames/1CM42_31_R_#130 2 2855 3140
./frames/1CM42_31_R_#130 1 3141 3357
./frames/1CM42_31_R_#130 2 3358 3483
./frames/1CM42_31_R_#130 2 3484 3685
./frames/1CM42_31_R_#130 1 3686 3761
./frames/1CM42_31_R_#130 2 3762 3859
./frames/1CM42_31_R_#130 2 3860 4073
./frames/1CM42_31_R_#130 2 4074 4178
./frames/1CM42_31_R_#130 2 4179 4386
./frames/1CM42_31_R_#130 2 4387 4428
./frames/1CM42_31_R_#130 1 4429 4465
./frames/1CM42_31_R_#131 1 1 61
./frames/1CM42_31_R_#131 2 62 159
./frames/1CM42_31_R_#131 2 160 361
./frames/1CM42_31_R_#131 2 362 464
./frames/1CM42_31_R_#131 2 465 690
./frames/1CM42_31_R_#131 2 691 736
./frames/1CM42_31_R_#131 2 737 972
./frames/1CM42_31_R_#131 2 973 1081
./frames/1CM42_31_R_#131 2 1082 1342
./frames/1CM42_31_R_#131 1 1343 1649
./frames/1CM42_31_R_#131 2 1650 1715
./frames/1CM42_31_R_#131 2 1716 1983
./frames/1CM42_31_R_#131 2 1984 2091
./frames/1CM42_31_R_#131 2 2092 2362
./frames/1CM42_31_R_#131 1 2363 2794
./frames/1CM42_31_R_#131 2 2795 2901
./frames/1CM42_31_R_#131 2 2902 3191
./frames/1CM42_31_R_#131 2 3192 3270
./frames/1CM42_31_R_#131 2 3271 3467
./frames/1CM42_31_R_#131 2 3468 3530
./frames/1CM42_31_R_#131 2 3531 3744
./frames/1CM42_31_R_#131 1 3745 3840
./frames/1CM42_31_R_#131 2 3841 3949
./frames/1CM42_31_R_#131 2 3950 4155
./frames/1CM42_31_R_#131 2 4156 4218
./frames/1CM42_31_R_#131 1 4219 4226
./frames/1CM42_31_R_#132 1 1 81
./frames/1CM42_31_R_#132 2 82 151
./frames/1CM42_31_R_#132 2 152 374
./frames/1CM42_31_R_#132 2 375 475
./frames/1CM42_31_R_#132 2 476 727
./frames/1CM42_31_R_#132 2 728 837
./frames/1CM42_31_R_#132 2 838 1080
./frames/1CM42_31_R_#132 2 1081 1167
./frames/1CM42_31_R_#132 2 1168 1442
./frames/1CM42_31_R_#132 2 1443 1488
./frames/1CM42_31_R_#132 2 1489 1842
./frames/1CM42_31_R_#132 1 1843 2500
./frames/1CM42_31_R_#132 2 2501 2559
./frames/1CM42_31_R_#132 2 2560 2839
./frames/1CM42_31_R_#132 2 2840 2941
./frames/1CM42_31_R_#132 2 2942 3157
./frames/1CM42_31_R_#132 1 3158 3379
./frames/1CM42_31_R_#132 2 3380 3476
./frames/1CM42_31_R_#132 2 3477 3665
./frames/1CM42_31_R_#132 1 3666 3753
./frames/1CM42_31_R_#132 2 3754 3853
./frames/1CM42_31_R_#132 2 3854 4048
./frames/1CM42_31_R_#132 2 4049 4139
./frames/1CM42_31_R_#132 2 4140 4342
./frames/1CM42_31_R_#132 2 4343 4385
./frames/1CM42_31_R_#132 1 4386 4412
./frames/1CV12_12_R_#89 1 1 90
./frames/1CV12_12_R_#89 2 91 182
./frames/1CV12_12_R_#89 2 183 419
./frames/1CV12_12_R_#89 2 420 507
./frames/1CV12_12_R_#89 2 508 727
./frames/1CV12_12_R_#89 2 728 783
./frames/1CV12_12_R_#89 2 784 1025
./frames/1CV12_12_R_#89 2 1026 1120
./frames/1CV12_12_R_#89 2 1121 1313
./frames/1CV12_12_R_#89 2 1314 1402
./frames/1CV12_12_R_#89 2 1403 1626
./frames/1CV12_12_R_#89 1 1627 2040
./frames/1CV12_12_R_#89 2 2041 2122
./frames/1CV12_12_R_#89 2 2123 2349
./frames/1CV12_12_R_#89 2 2350 2400
./frames/1CV12_12_R_#89 2 2401 2660
./frames/1CV12_12_R_#89 2 2661 2767
./frames/1CV12_12_R_#89 2 2768 3002
./frames/1CV12_12_R_#89 1 3003 3372
./frames/1CV12_12_R_#89 2 3373 3463
./frames/1CV12_12_R_#89 2 3464 3682
./frames/1CV12_12_R_#89 1 3683 3977
./frames/1CV12_12_R_#89 2 3978 4065
./frames/1CV12_12_R_#89 2 4066 4278
./frames/1CV12_12_R_#89 2 4279 4369
./frames/1CV12_12_R_#89 1 4370 4395
./frames/1CV12_12_R_#90 1 1 112
./frames/1CV12_12_R_#90 2 113 200
./frames/1CV12_12_R_#90 2 201 459
./frames/1CV12_12_R_#90 2 460 554
./frames/1CV12_12_R_#90 2 555 828
./frames/1CV12_12_R_#90 2 829 930
./frames/1CV12_12_R_#90 2 931 1152
./frames/1CV12_12_R_#90 1 1153 1416
./frames/1CV12_12_R_#90 2 1417 1531
./frames/1CV12_12_R_#90 2 1532 1813
./frames/1CV12_12_R_#90 2 1814 1920
./frames/1CV12_12_R_#90 2 1921 2174
./frames/1CV12_12_R_#90 2 2175 2279
./frames/1CV12_12_R_#90 2 2280 2534
./frames/1CV12_12_R_#90 2 2535 2682
./frames/1CV12_12_R_#90 2 2683 2965
./frames/1CV12_12_R_#90 1 2966 3327
./frames/1CV12_12_R_#90 2 3328 3423
./frames/1CV12_12_R_#90 2 3424 3683
./frames/1CV12_12_R_#90 1 3684 3948
./frames/1CV12_12_R_#90 2 3949 4051
./frames/1CV12_12_R_#90 2 4052 4289
./frames/1CV12_12_R_#90 2 4290 4387
./frames/1CV12_12_R_#90 2 4388 4628
./frames/1CV12_12_R_#90 2 4629 4697
./frames/1CV12_12_R_#90 1 4698 4723
./frames/1CV12_12_R_#91 1 1 72
./frames/1CV12_12_R_#91 2 73 165
./frames/1CV12_12_R_#91 2 166 407
./frames/1CV12_12_R_#91 2 408 498
./frames/1CV12_12_R_#91 2 499 748
./frames/1CV12_12_R_#91 2 749 844
./frames/1CV12_12_R_#91 2 845 1084
./frames/1CV12_12_R_#91 2 1085 1181
./frames/1CV12_12_R_#91 2 1182 1385
./frames/1CV12_12_R_#91 2 1386 1486
./frames/1CV12_12_R_#91 2 1487 1670
./frames/1CV12_12_R_#91 1 1671 2196
./frames/1CV12_12_R_#91 2 2197 2283
./frames/1CV12_12_R_#91 2 2284 2493
./frames/1CV12_12_R_#91 1 2494 2840
./frames/1CV12_12_R_#91 2 2841 2934
./frames/1CV12_12_R_#91 2 2935 3157
./frames/1CV12_12_R_#91 2 3158 3237
./frames/1CV12_12_R_#91 2 3238 3475
./frames/1CV12_12_R_#91 2 3476 3546
./frames/1CV12_12_R_#91 2 3547 3757
./frames/1CV12_12_R_#91 1 3758 4118
./frames/1CV12_12_R_#91 2 4119 4230
./frames/1CV12_12_R_#91 2 4231 4386
./frames/1CV12_12_R_#91 2 4387 4437
./frames/1CV12_12_R_#91 1 4438 4465
./frames/1CV12_12_R_#92 1 1 134
./frames/1CV12_12_R_#92 2 135 248
./frames/1CV12_12_R_#92 2 249 477
./frames/1CV12_12_R_#92 2 478 583
./frames/1CV12_12_R_#92 2 584 854
./frames/1CV12_12_R_#92 2 855 967
./frames/1CV12_12_R_#92 2 968 1187
./frames/1CV12_12_R_#92 1 1188 1541
./frames/1CV12_12_R_#92 2 1542 1662
./frames/1CV12_12_R_#92 2 1663 1886
./frames/1CV12_12_R_#92 1 1887 2314
./frames/1CV12_12_R_#92 2 2315 2411
./frames/1CV12_12_R_#92 2 2412 2637
./frames/1CV12_12_R_#92 2 2638 2746
./frames/1CV12_12_R_#92 2 2747 3013
./frames/1CV12_12_R_#92 1 3014 3396
./frames/1CV12_12_R_#92 2 3397 3539
./frames/1CV12_12_R_#92 2 3540 3784
./frames/1CV12_12_R_#92 2 3785 3897
./frames/1CV12_12_R_#92 2 3898 4102
./frames/1CV12_12_R_#92 2 4103 4206
./frames/1CV12_12_R_#92 2 4207 4425
./frames/1CV12_12_R_#92 2 4426 4518
./frames/1CV12_12_R_#92 2 4519 4672
./frames/1CV12_12_R_#92 2 4673 4719
./frames/1CV12_12_R_#92 1 4720 4772
./frames/1CV12_15_R_#101 1 1 28
./frames/1CV12_15_R_#101 2 29 126
./frames/1CV12_15_R_#101 2 127 282
./frames/1CV12_15_R_#101 2 283 382
./frames/1CV12_15_R_#101 2 383 603
./frames/1CV12_15_R_#101 2 604 696
./frames/1CV12_15_R_#101 2 697 885
./frames/1CV12_15_R_#101 2 886 971
./frames/1CV12_15_R_#101 2 972 1176
./frames/1CV12_15_R_#101 2 1177 1285
./frames/1CV12_15_R_#101 2 1286 1469
./frames/1CV12_15_R_#101 2 1470 1593
./frames/1CV12_15_R_#101 2 1594 1763
./frames/1CV12_15_R_#101 1 1764 1910
./frames/1CV12_15_R_#101 2 1911 2008
./frames/1CV12_15_R_#101 2 2009 2191
./frames/1CV12_15_R_#101 1 2192 2330
./frames/1CV12_15_R_#101 2 2331 2432
./frames/1CV12_15_R_#101 2 2433 2635
./frames/1CV12_15_R_#101 2 2636 2768
./frames/1CV12_15_R_#101 2 2769 2960
./frames/1CV12_15_R_#101 1 2961 3117
./frames/1CV12_15_R_#101 2 3118 3230
./frames/1CV12_15_R_#101 2 3231 3461
./frames/1CV12_15_R_#101 1 3462 3522
./frames/1CV12_15_R_#101 2 3523 3571
./frames/1CV12_15_R_#101 1 3572 3623
./frames/1CV12_15_R_#102 1 1 23
./frames/1CV12_15_R_#102 2 24 107
./frames/1CV12_15_R_#102 2 108 281
./frames/1CV12_15_R_#102 2 282 375
./frames/1CV12_15_R_#102 2 376 583
./frames/1CV12_15_R_#102 2 584 679
./frames/1CV12_15_R_#102 2 680 913
./frames/1CV12_15_R_#102 2 914 1023
./frames/1CV12_15_R_#102 2 1024 1231
./frames/1CV12_15_R_#102 2 1232 1310
./frames/1CV12_15_R_#102 2 1311 1470
./frames/1CV12_15_R_#102 1 1471 1553
./frames/1CV12_15_R_#102 2 1554 1687
./frames/1CV12_15_R_#102 2 1688 1884
./frames/1CV12_15_R_#102 2 1885 2003
./frames/1CV12_15_R_#102 2 2004 2177
./frames/1CV12_15_R_#102 1 2178 2337
./frames/1CV12_15_R_#102 2 2338 2462
./frames/1CV12_15_R_#102 2 2463 2643
./frames/1CV12_15_R_#102 1 2644 2822
./frames/1CV12_15_R_#102 2 2823 2923
./frames/1CV12_15_R_#102 2 2924 3174
./frames/1CV12_15_R_#102 2 3175 3307
./frames/1CV12_15_R_#102 2 3308 3539
./frames/1CV12_15_R_#102 2 3540 3666
./frames/1CV12_15_R_#102 1 3667 3743
./frames/1CV12_15_R_#103 1 1 40
./frames/1CV12_15_R_#103 2 41 124
./frames/1CV12_15_R_#103 2 125 301
./frames/1CV12_15_R_#103 2 302 395
./frames/1CV12_15_R_#103 2 396 624
./frames/1CV12_15_R_#103 2 625 738
./frames/1CV12_15_R_#103 2 739 945
./frames/1CV12_15_R_#103 2 946 1050
./frames/1CV12_15_R_#103 2 1051 1252
./frames/1CV12_15_R_#103 2 1253 1365
./frames/1CV12_15_R_#103 2 1366 1549
./frames/1CV12_15_R_#103 1 1550 1656
./frames/1CV12_15_R_#103 2 1657 1767
./frames/1CV12_15_R_#103 2 1768 1971
./frames/1CV12_15_R_#103 2 1972 2061
./frames/1CV12_15_R_#103 2 2062 2270
./frames/1CV12_15_R_#103 1 2271 2386
./frames/1CV12_15_R_#103 2 2387 2481
./frames/1CV12_15_R_#103 2 2482 2669
./frames/1CV12_15_R_#103 1 2670 2806
./frames/1CV12_15_R_#103 2 2807 2928
./frames/1CV12_15_R_#103 2 2929 3193
./frames/1CV12_15_R_#103 2 3194 3304
./frames/1CV12_15_R_#103 2 3305 3523
./frames/1CV12_15_R_#103 2 3524 3587
./frames/1CV12_15_R_#103 1 3588 3634
./frames/1CV12_15_R_#104 1 1 33
./frames/1CV12_15_R_#104 2 34 139
./frames/1CV12_15_R_#104 2 140 355
./frames/1CV12_15_R_#104 2 356 448
./frames/1CV12_15_R_#104 2 449 701
./frames/1CV12_15_R_#104 2 702 789
./frames/1CV12_15_R_#104 2 790 1013
./frames/1CV12_15_R_#104 2 1014 1131
./frames/1CV12_15_R_#104 2 1132 1341
./frames/1CV12_15_R_#104 1 1342 1554
./frames/1CV12_15_R_#104 2 1555 1655
./frames/1CV12_15_R_#104 2 1656 1897
./frames/1CV12_15_R_#104 1 1898 2028
./frames/1CV12_15_R_#104 2 2029 2139
./frames/1CV12_15_R_#104 2 2140 2363
./frames/1CV12_15_R_#104 2 2364 2460
./frames/1CV12_15_R_#104 2 2461 2696
./frames/1CV12_15_R_#104 1 2697 2821
./frames/1CV12_15_R_#104 2 2822 2927
./frames/1CV12_15_R_#104 2 2928 3185
./frames/1CV12_15_R_#104 2 3186 3313
./frames/1CV12_15_R_#104 2 3314 3589
./frames/1CV12_15_R_#104 2 3590 3666
./frames/1CV12_15_R_#104 2 3667 3897
./frames/1CV12_15_R_#104 2 3898 3963
./frames/1CV12_15_R_#104 1 3964 4047
./frames/1CV12_21_R_#109 1 1 104
./frames/1CV12_21_R_#109 2 105 211
./frames/1CV12_21_R_#109 2 212 469
./frames/1CV12_21_R_#109 2 470 568
./frames/1CV12_21_R_#109 2 569 825
./frames/1CV12_21_R_#109 2 826 957
./frames/1CV12_21_R_#109 2 958 1208
./frames/1CV12_21_R_#109 2 1209 1318
./frames/1CV12_21_R_#109 2 1319 1563
./frames/1CV12_21_R_#109 2 1564 1695
./frames/1CV12_21_R_#109 2 1696 1925
./frames/1CV12_21_R_#109 1 1926 2365
./frames/1CV12_21_R_#109 2 2366 2504
./frames/1CV12_21_R_#109 2 2505 2763
./frames/1CV12_21_R_#109 2 2764 2871
./frames/1CV12_21_R_#109 2 2872 3116
./frames/1CV12_21_R_#109 1 3117 3425
./frames/1CV12_21_R_#109 2 3426 3526
./frames/1CV12_21_R_#109 2 3527 3748
./frames/1CV12_21_R_#109 1 3749 4006
./frames/1CV12_21_R_#109 2 4007 4100
./frames/1CV12_21_R_#109 2 4101 4367
./frames/1CV12_21_R_#109 2 4368 4466
./frames/1CV12_21_R_#109 2 4467 4705
./frames/1CV12_21_R_#109 2 4706 4755
./frames/1CV12_21_R_#109 1 4756 4776
./frames/1CV12_21_R_#110 1 1 56
./frames/1CV12_21_R_#110 2 57 130
./frames/1CV12_21_R_#110 2 131 400
./frames/1CV12_21_R_#110 2 401 492
./frames/1CV12_21_R_#110 2 493 765
./frames/1CV12_21_R_#110 2 766 838
./frames/1CV12_21_R_#110 2 839 1080
./frames/1CV12_21_R_#110 2 1081 1160
./frames/1CV12_21_R_#110 2 1161 1435
./frames/1CV12_21_R_#110 1 1436 1743
./frames/1CV12_21_R_#110 2 1744 1811
./frames/1CV12_21_R_#110 2 1812 2036
./frames/1CV12_21_R_#110 1 2037 2355
./frames/1CV12_21_R_#110 2 2356 2438
./frames/1CV12_21_R_#110 2 2439 2687
./frames/1CV12_21_R_#110 2 2688 2781
./frames/1CV12_21_R_#110 2 2782 3036
./frames/1CV12_21_R_#110 1 3037 3397
./frames/1CV12_21_R_#110 2 3398 3469
./frames/1CV12_21_R_#110 2 3470 3774
./frames/1CV12_21_R_#110 2 3775 3847
./frames/1CV12_21_R_#110 2 3848 4122
./frames/1CV12_21_R_#110 2 4123 4202
./frames/1CV12_21_R_#110 2 4203 4438
./frames/1CV12_21_R_#110 2 4439 4491
./frames/1CV12_21_R_#111 1 1 80
./frames/1CV12_21_R_#111 2 81 196
./frames/1CV12_21_R_#111 2 197 495
./frames/1CV12_21_R_#111 2 496 615
./frames/1CV12_21_R_#111 2 616 846
./frames/1CV12_21_R_#111 2 847 959
./frames/1CV12_21_R_#111 2 960 1209
./frames/1CV12_21_R_#111 2 1210 1320
./frames/1CV12_21_R_#111 2 1321 1603
./frames/1CV12_21_R_#111 2 1604 1710
./frames/1CV12_21_R_#111 2 1711 1985
./frames/1CV12_21_R_#111 2 1986 2073
./frames/1CV12_21_R_#111 2 2074 2308
./frames/1CV12_21_R_#111 1 2309 2649
./frames/1CV12_21_R_#111 2 2650 2763
./frames/1CV12_21_R_#111 2 2764 3058
./frames/1CV12_21_R_#111 2 3059 3184
./frames/1CV12_21_R_#111 2 3185 3404
./frames/1CV12_21_R_#111 1 3405 3702
./frames/1CV12_21_R_#111 2 3703 3816
./frames/1CV12_21_R_#111 2 3817 4062
./frames/1CV12_21_R_#111 1 4063 4268
./frames/1CV12_21_R_#111 2 4269 4370
./frames/1CV12_21_R_#111 2 4371 4604
./frames/1CV12_21_R_#111 2 4605 4684
./frames/1CV12_21_R_#112 1 1 115
./frames/1CV12_21_R_#112 2 116 216
./frames/1CV12_21_R_#112 2 217 462
./frames/1CV12_21_R_#112 2 463 559
./frames/1CV12_21_R_#112 2 560 847
./frames/1CV12_21_R_#112 2 848 957
./frames/1CV12_21_R_#112 2 958 1220
./frames/1CV12_21_R_#112 1 1221 1582
./frames/1CV12_21_R_#112 2 1583 1688
./frames/1CV12_21_R_#112 2 1689 1953
./frames/1CV12_21_R_#112 1 1954 2251
./frames/1CV12_21_R_#112 2 2252 2342
./frames/1CV12_21_R_#112 2 2343 2620
./frames/1CV12_21_R_#112 2 2621 2718
./frames/1CV12_21_R_#112 2 2719 3040
./frames/1CV12_21_R_#112 2 3041 3162
./frames/1CV12_21_R_#112 2 3163 3414
./frames/1CV12_21_R_#112 1 3415 3670
./frames/1CV12_21_R_#112 2 3671 3791
./frames/1CV12_21_R_#112 2 3792 4043
./frames/1CV12_21_R_#112 2 4044 4161
./frames/1CV12_21_R_#112 2 4162 4391
./frames/1CV12_21_R_#112 2 4392 4507
./frames/1CV12_21_R_#112 2 4508 4763
./frames/1CV12_21_R_#112 2 4764 4826
./frames/1CV12_21_R_#112 2 4827 4853
./frames/4CM11_13_R_#29 1 1 31
./frames/4CM11_13_R_#29 2 32 99
./frames/4CM11_13_R_#29 1 100 142
./frames/4CM11_13_R_#29 2 143 334
./frames/4CM11_13_R_#29 2 335 395
./frames/4CM11_13_R_#29 1 396 434
./frames/4CM11_13_R_#29 2 435 622
./frames/4CM11_13_R_#29 2 623 687
./frames/4CM11_13_R_#29 1 688 732
./frames/4CM11_13_R_#29 2 733 920
./frames/4CM11_13_R_#29 1 921 948
./frames/4CM11_13_R_#29 2 949 1020
./frames/4CM11_13_R_#29 1 1021 1083
./frames/4CM11_13_R_#29 2 1084 1253
./frames/4CM11_13_R_#29 1 1254 1284
./frames/4CM11_13_R_#29 2 1285 1348
./frames/4CM11_13_R_#29 1 1349 1415
./frames/4CM11_13_R_#29 2 1416 1603
./frames/4CM11_13_R_#29 1 1604 1627
./frames/4CM11_13_R_#29 2 1628 1698
./frames/4CM11_13_R_#29 1 1699 1730
./frames/4CM11_13_R_#29 2 1731 1921
./frames/4CM11_13_R_#29 1 1922 1937
./frames/4CM11_13_R_#29 2 1938 1980
./frames/4CM11_13_R_#29 1 1981 2041
./frames/4CM11_13_R_#29 2 2042 2194
./frames/4CM11_13_R_#29 1 2195 2457
./frames/4CM11_13_R_#29 2 2458 2512
./frames/4CM11_13_R_#29 1 2513 2590
./frames/4CM11_13_R_#29 2 2591 2781
./frames/4CM11_13_R_#29 1 2782 2908
./frames/4CM11_13_R_#29 2 2909 2961
./frames/4CM11_13_R_#29 1 2962 3025
./frames/4CM11_13_R_#29 2 3026 3198
./frames/4CM11_13_R_#29 1 3199 3383
./frames/4CM11_13_R_#29 2 3384 3435
./frames/4CM11_13_R_#29 1 3436 3482
./frames/4CM11_13_R_#29 2 3483 3678
./frames/4CM11_13_R_#29 2 3679 3742
./frames/4CM11_13_R_#29 1 3743 3841
./frames/4CM11_13_R_#30 1 1 17
./frames/4CM11_13_R_#30 2 18 80
./frames/4CM11_13_R_#30 1 81 149
./frames/4CM11_13_R_#30 2 150 333
./frames/4CM11_13_R_#30 1 334 353
./frames/4CM11_13_R_#30 2 354 401
./frames/4CM11_13_R_#30 1 402 467
./frames/4CM11_13_R_#30 2 468 647
./frames/4CM11_13_R_#30 1 648 660
./frames/4CM11_13_R_#30 2 661 718
./frames/4CM11_13_R_#30 1 719 763
./frames/4CM11_13_R_#30 2 764 971
./frames/4CM11_13_R_#30 1 972 1124
./frames/4CM11_13_R_#30 2 1125 1177
./frames/4CM11_13_R_#30 1 1178 1231
./frames/4CM11_13_R_#30 2 1232 1436
./frames/4CM11_13_R_#30 1 1437 1461
./frames/4CM11_13_R_#30 2 1462 1545
./frames/4CM11_13_R_#30 1 1546 1596
./frames/4CM11_13_R_#30 2 1597 1772
./frames/4CM11_13_R_#30 1 1773 1782
./frames/4CM11_13_R_#30 2 1783 1839
./frames/4CM11_13_R_#30 1 1840 1887
./frames/4CM11_13_R_#30 2 1888 2097
./frames/4CM11_13_R_#30 1 2098 2290
./frames/4CM11_13_R_#30 2 2291 2359
./frames/4CM11_13_R_#30 1 2360 2432
./frames/4CM11_13_R_#30 2 2433 2642
./frames/4CM11_13_R_#30 1 2643 2844
./frames/4CM11_13_R_#30 2 2845 2904
./frames/4CM11_13_R_#30 1 2905 2968
./frames/4CM11_13_R_#30 2 2969 3177
./frames/4CM11_13_R_#30 1 3178 3200
./frames/4CM11_13_R_#30 2 3201 3273
./frames/4CM11_13_R_#30 1 3274 3333
./frames/4CM11_13_R_#30 2 3334 3530
./frames/4CM11_13_R_#30 1 3531 3553
./frames/4CM11_13_R_#30 2 3554 3605
./frames/4CM11_13_R_#30 1 3606 3648
./frames/4CM11_13_R_#30 2 3649 3808
./frames/4CM11_13_R_#30 1 3809 3840
./frames/4CM11_13_R_#30 2 3841 3903
./frames/4CM11_13_R_#30 1 3904 3953
./frames/4CM11_13_R_#31 1 1 25
./frames/4CM11_13_R_#31 2 26 78
./frames/4CM11_13_R_#31 1 79 123
./frames/4CM11_13_R_#31 2 124 294
./frames/4CM11_13_R_#31 1 295 314
./frames/4CM11_13_R_#31 2 315 374
./frames/4CM11_13_R_#31 1 375 420
./frames/4CM11_13_R_#31 2 421 586
./frames/4CM11_13_R_#31 1 587 621
./frames/4CM11_13_R_#31 2 622 684
./frames/4CM11_13_R_#31 1 685 748
./frames/4CM11_13_R_#31 2 749 908
./frames/4CM11_13_R_#31 1 909 962
./frames/4CM11_13_R_#31 2 963 1039
./frames/4CM11_13_R_#31 1 1040 1112
./frames/4CM11_13_R_#31 2 1113 1281
./frames/4CM11_13_R_#31 1 1282 1513
./frames/4CM11_13_R_#31 2 1514 1568
./frames/4CM11_13_R_#31 1 1569 1621
./frames/4CM11_13_R_#31 2 1622 1799
./frames/4CM11_13_R_#31 1 1800 2017
./frames/4CM11_13_R_#31 2 2018 2088
./frames/4CM11_13_R_#31 1 2089 2173
./frames/4CM11_13_R_#31 2 2174 2351
./frames/4CM11_13_R_#31 1 2352 2394
./frames/4CM11_13_R_#31 2 2395 2458
./frames/4CM11_13_R_#31 1 2459 2510
./frames/4CM11_13_R_#31 2 2511 2678
./frames/4CM11_13_R_#31 1 2679 2729
./frames/4CM11_13_R_#31 2 2730 2784
./frames/4CM11_13_R_#31 1 2785 2828
./frames/4CM11_13_R_#31 2 2829 3013
./frames/4CM11_13_R_#31 1 3014 3168
./frames/4CM11_13_R_#31 2 3169 3236
./frames/4CM11_13_R_#31 1 3237 3328
./frames/4CM11_13_R_#31 2 3329 3509
./frames/4CM11_13_R_#31 2 3510 3572
./frames/4CM11_13_R_#31 1 3573 3640
./frames/4CM11_13_R_#31 2 3641 3798
./frames/4CM11_13_R_#31 1 3799 3813
./frames/4CM11_13_R_#31 2 3814 3864
./frames/4CM11_13_R_#31 1 3865 3945
./frames/4CM11_13_R_#32 1 1 23
./frames/4CM11_13_R_#32 2 24 92
./frames/4CM11_13_R_#32 1 93 136
./frames/4CM11_13_R_#32 2 137 347
./frames/4CM11_13_R_#32 1 348 374
./frames/4CM11_13_R_#32 2 375 423
./frames/4CM11_13_R_#32 1 424 477
./frames/4CM11_13_R_#32 2 478 653
./frames/4CM11_13_R_#32 1 654 679
./frames/4CM11_13_R_#32 2 680 732
./frames/4CM11_13_R_#32 1 733 791
./frames/4CM11_13_R_#32 2 792 972
./frames/4CM11_13_R_#32 1 973 1158
./frames/4CM11_13_R_#32 2 1159 1229
./frames/4CM11_13_R_#32 1 1230 1305
./frames/4CM11_13_R_#32 2 1306 1490
./frames/4CM11_13_R_#32 1 1491 1531
./frames/4CM11_13_R_#32 2 1532 1573
./frames/4CM11_13_R_#32 1 1574 1635
./frames/4CM11_13_R_#32 2 1636 1800
./frames/4CM11_13_R_#32 1 1801 1811
./frames/4CM11_13_R_#32 2 1812 1877
./frames/4CM11_13_R_#32 1 1878 1926
./frames/4CM11_13_R_#32 2 1927 2130
./frames/4CM11_13_R_#32 1 2131 2302
./frames/4CM11_13_R_#32 2 2303 2374
./frames/4CM11_13_R_#32 1 2375 2430
./frames/4CM11_13_R_#32 2 2431 2597
./frames/4CM11_13_R_#32 1 2598 2750
./frames/4CM11_13_R_#32 2 2751 2817
./frames/4CM11_13_R_#32 1 2818 2871
./frames/4CM11_13_R_#32 2 2872 3045
./frames/4CM11_13_R_#32 1 3046 3086
./frames/4CM11_13_R_#32 2 3087 3154
./frames/4CM11_13_R_#32 1 3155 3225
./frames/4CM11_13_R_#32 2 3226 3403
./frames/4CM11_13_R_#32 1 3404 3474
./frames/4CM11_13_R_#32 2 3475 3551
./frames/4CM11_13_R_#32 1 3552 3608
./frames/4CM11_13_R_#32 2 3609 3791
./frames/4CM11_13_R_#32 1 3792 3806
./frames/4CM11_13_R_#32 2 3807 3846
./frames/4CM11_13_R_#32 1 3847 3881
./frames/4CM11_18_R_#45 1 1 34
./frames/4CM11_18_R_#45 2 35 79
./frames/4CM11_18_R_#45 2 80 362
./frames/4CM11_18_R_#45 2 363 420
./frames/4CM11_18_R_#45 2 421 727
./frames/4CM11_18_R_#45 2 728 771
./frames/4CM11_18_R_#45 2 772 964
./frames/4CM11_18_R_#45 2 965 1018
./frames/4CM11_18_R_#45 2 1019 1181
./frames/4CM11_18_R_#45 2 1182 1257
./frames/4CM11_18_R_#45 2 1258 1452
./frames/4CM11_18_R_#45 1 1453 1763
./frames/4CM11_18_R_#45 2 1764 1835
./frames/4CM11_18_R_#45 2 1836 2014
./frames/4CM11_18_R_#45 2 2015 2074
./frames/4CM11_18_R_#45 2 2075 2371
./frames/4CM11_18_R_#45 2 2372 2423
./frames/4CM11_18_R_#45 2 2424 2660
./frames/4CM11_18_R_#45 1 2661 2892
./frames/4CM11_18_R_#45 2 2893 2943
./frames/4CM11_18_R_#45 2 2944 3236
./frames/4CM11_18_R_#45 1 3237 3306
./frames/4CM11_18_R_#45 2 3307 3350
./frames/4CM11_18_R_#45 2 3351 3595
./frames/4CM11_18_R_#45 2 3596 3640
./frames/4CM11_18_R_#45 1 3641 3664
./frames/4CM11_18_R_#46 1 1 29
./frames/4CM11_18_R_#46 2 30 73
./frames/4CM11_18_R_#46 2 74 286
./frames/4CM11_18_R_#46 2 287 343
./frames/4CM11_18_R_#46 2 344 607
./frames/4CM11_18_R_#46 2 608 660
./frames/4CM11_18_R_#46 2 661 824
./frames/4CM11_18_R_#46 2 825 904
./frames/4CM11_18_R_#46 2 905 1187
./frames/4CM11_18_R_#46 1 1188 1336
./frames/4CM11_18_R_#46 2 1337 1390
./frames/4CM11_18_R_#46 2 1391 1781
./frames/4CM11_18_R_#46 2 1782 1893
./frames/4CM11_18_R_#46 2 1894 2181
./frames/4CM11_18_R_#46 2 2182 2241
./frames/4CM11_18_R_#46 2 2242 2476
./frames/4CM11_18_R_#46 1 2477 2765
./frames/4CM11_18_R_#46 2 2766 2803
./frames/4CM11_18_R_#46 2 2804 2950
./frames/4CM11_18_R_#46 1 2951 3136
./frames/4CM11_18_R_#46 2 3137 3231
./frames/4CM11_18_R_#46 2 3232 3417
./frames/4CM11_18_R_#46 2 3418 3491
./frames/4CM11_18_R_#46 2 3492 3674
./frames/4CM11_18_R_#46 2 3675 3719
./frames/4CM11_18_R_#46 1 3720 3739
./frames/4CM11_18_R_#47 1 1 17
./frames/4CM11_18_R_#47 2 18 92
./frames/4CM11_18_R_#47 2 93 255
./frames/4CM11_18_R_#47 2 256 309
./frames/4CM11_18_R_#47 2 310 482
./frames/4CM11_18_R_#47 2 483 535
./frames/4CM11_18_R_#47 2 536 727
./frames/4CM11_18_R_#47 2 728 797
./frames/4CM11_18_R_#47 2 798 1050
./frames/4CM11_18_R_#47 1 1051 1241
./frames/4CM11_18_R_#47 2 1242 1301
./frames/4CM11_18_R_#47 2 1302 1611
./frames/4CM11_18_R_#47 2 1612 1652
./frames/4CM11_18_R_#47 2 1653 1920
./frames/4CM11_18_R_#47 1 1921 2152
./frames/4CM11_18_R_#47 2 2153 2198
./frames/4CM11_18_R_#47 2 2199 2442
./frames/4CM11_18_R_#47 1 2443 2641
./frames/4CM11_18_R_#47 2 2642 2682
./frames/4CM11_18_R_#47 2 2683 3038
./frames/4CM11_18_R_#47 2 3039 3087
./frames/4CM11_18_R_#47 2 3088 3308
./frames/4CM11_18_R_#47 2 3309 3357
./frames/4CM11_18_R_#47 2 3358 3621
./frames/4CM11_18_R_#47 2 3622 3663
./frames/4CM11_18_R_#47 1 3664 3691
./frames/4CM11_18_R_#48 1 1 12
./frames/4CM11_18_R_#48 2 13 65
./frames/4CM11_18_R_#48 2 66 270
./frames/4CM11_18_R_#48 2 271 318
./frames/4CM11_18_R_#48 2 319 507
./frames/4CM11_18_R_#48 2 508 546
./frames/4CM11_18_R_#48 2 547 801
./frames/4CM11_18_R_#48 1 802 1001
./frames/4CM11_18_R_#48 2 1002 1030
./frames/4CM11_18_R_#48 2 1031 1137
./frames/4CM11_18_R_#48 2 1138 1204
./frames/4CM11_18_R_#48 2 1205 1557
./frames/4CM11_18_R_#48 1 1558 1784
./frames/4CM11_18_R_#48 2 1785 1836
./frames/4CM11_18_R_#48 2 1837 2188
./frames/4CM11_18_R_#48 2 2189 2256
./frames/4CM11_18_R_#48 2 2257 2537
./frames/4CM11_18_R_#48 1 2538 2712
./frames/4CM11_18_R_#48 2 2713 2774
./frames/4CM11_18_R_#48 2 2775 2943
./frames/4CM11_18_R_#48 2 2944 2994
./frames/4CM11_18_R_#48 2 2995 3347
./frames/4CM11_18_R_#48 2 3348 3406
./frames/4CM11_18_R_#48 2 3407 3622
./frames/4CM11_18_R_#48 2 3623 3669
./frames/4CM11_18_R_#48 1 3670 3697
./frames/4CM11_20_R_#41 1 1 59
./frames/4CM11_20_R_#41 2 60 145
./frames/4CM11_20_R_#41 2 146 322
./frames/4CM11_20_R_#41 2 323 406
./frames/4CM11_20_R_#41 2 407 619
./frames/4CM11_20_R_#41 2 620 685
./frames/4CM11_20_R_#41 2 686 845
./frames/4CM11_20_R_#41 2 846 925
./frames/4CM11_20_R_#41 2 926 1108
./frames/4CM11_20_R_#41 1 1109 1470
./frames/4CM11_20_R_#41 2 1471 1583
./frames/4CM11_20_R_#41 2 1584 1721
./frames/4CM11_20_R_#41 2 1722 1768
./frames/4CM11_20_R_#41 2 1769 1975
./frames/4CM11_20_R_#41 1 1976 2226
./frames/4CM11_20_R_#41 2 2227 2320
./frames/4CM11_20_R_#41 2 2321 2528
./frames/4CM11_20_R_#41 2 2529 2607
./frames/4CM11_20_R_#41 2 2608 2786
./frames/4CM11_20_R_#41 2 2787 2869
./frames/4CM11_20_R_#41 2 2870 3068
./frames/4CM11_20_R_#41 1 3069 3349
./frames/4CM11_20_R_#41 2 3350 3456
./frames/4CM11_20_R_#41 2 3457 3622
./frames/4CM11_20_R_#41 2 3623 3693
./frames/4CM11_20_R_#41 1 3694 3746
./frames/4CM11_20_R_#42 1 1 29
./frames/4CM11_20_R_#42 2 30 147
./frames/4CM11_20_R_#42 2 148 331
./frames/4CM11_20_R_#42 2 332 402
./frames/4CM11_20_R_#42 2 403 594
./frames/4CM11_20_R_#42 2 595 665
./frames/4CM11_20_R_#42 2 666 818
./frames/4CM11_20_R_#42 2 819 906
./frames/4CM11_20_R_#42 2 907 1119
./frames/4CM11_20_R_#42 1 1120 1439
./frames/4CM11_20_R_#42 2 1440 1524
./frames/4CM11_20_R_#42 2 1525 1667
./frames/4CM11_20_R_#42 1 1668 2012
./frames/4CM11_20_R_#42 2 2013 2088
./frames/4CM11_20_R_#42 2 2089 2275
./frames/4CM11_20_R_#42 1 2276 2519
./frames/4CM11_20_R_#42 2 2520 2628
./frames/4CM11_20_R_#42 2 2629 2834
./frames/4CM11_20_R_#42 2 2835 2902
./frames/4CM11_20_R_#42 2 2903 3057
./frames/4CM11_20_R_#42 2 3058 3141
./frames/4CM11_20_R_#42 2 3142 3384
./frames/4CM11_20_R_#42 2 3385 3447
./frames/4CM11_20_R_#42 2 3448 3636
./frames/4CM11_20_R_#42 2 3637 3699
./frames/4CM11_20_R_#42 1 3700 3743
./frames/4CM11_20_R_#43 1 1 32
./frames/4CM11_20_R_#43 2 33 108
./frames/4CM11_20_R_#43 2 109 337
./frames/4CM11_20_R_#43 2 338 404
./frames/4CM11_20_R_#43 2 405 584
./frames/4CM11_20_R_#43 2 585 635
./frames/4CM11_20_R_#43 2 636 809
./frames/4CM11_20_R_#43 2 810 885
./frames/4CM11_20_R_#43 2 886 1076
./frames/4CM11_20_R_#43 2 1077 1152
./frames/4CM11_20_R_#43 2 1153 1348
./frames/4CM11_20_R_#43 2 1349 1422
./frames/4CM11_20_R_#43 2 1423 1611
./frames/4CM11_20_R_#43 1 1612 1923
./frames/4CM11_20_R_#43 2 1924 2004
./frames/4CM11_20_R_#43 2 2005 2201
./frames/4CM11_20_R_#43 2 2202 2271
./frames/4CM11_20_R_#43 2 2272 2550
./frames/4CM11_20_R_#43 1 2551 2870
./frames/4CM11_20_R_#43 2 2871 2948
./frames/4CM11_20_R_#43 2 2949 3206
./frames/4CM11_20_R_#43 1 3207 3618
./frames/4CM11_20_R_#43 2 3619 3704
./frames/4CM11_20_R_#43 2 3705 3907
./frames/4CM11_20_R_#43 2 3908 3978
./frames/4CM11_20_R_#43 1 3979 4005
./frames/4CM11_20_R_#44 1 1 50
./frames/4CM11_20_R_#44 2 51 161
./frames/4CM11_20_R_#44 2 162 324
./frames/4CM11_20_R_#44 2 325 386
./frames/4CM11_20_R_#44 2 387 665
./frames/4CM11_20_R_#44 2 666 745
./frames/4CM11_20_R_#44 2 746 1007
./frames/4CM11_20_R_#44 2 1008 1081
./frames/4CM11_20_R_#44 2 1082 1324
./frames/4CM11_20_R_#44 1 1325 1603
./frames/4CM11_20_R_#44 2 1604 1675
./frames/4CM11_20_R_#44 2 1676 1851
./frames/4CM11_20_R_#44 1 1852 2189
./frames/4CM11_20_R_#44 2 2190 2269
./frames/4CM11_20_R_#44 2 2270 2581
./frames/4CM11_20_R_#44 1 2582 2811
./frames/4CM11_20_R_#44 2 2812 2878
./frames/4CM11_20_R_#44 2 2879 3146
./frames/4CM11_20_R_#44 2 3147 3206
./frames/4CM11_20_R_#44 2 3207 3433
./frames/4CM11_20_R_#44 2 3434 3492
./frames/4CM11_20_R_#44 2 3493 3726
./frames/4CM11_20_R_#44 2 3727 3784
./frames/4CM11_20_R_#44 2 3785 3984
./frames/4CM11_20_R_#44 2 3985 4063
./frames/4CM11_20_R_#44 1 4064 4120
./frames/4CM11_24_L_#61 1 1 19
./frames/4CM11_24_L_#61 2 20 143
./frames/4CM11_24_L_#61 2 144 435
./frames/4CM11_24_L_#61 2 436 528
./frames/4CM11_24_L_#61 2 529 829
./frames/4CM11_24_L_#61 2 830 921
./frames/4CM11_24_L_#61 2 922 1145
./frames/4CM11_24_L_#61 2 1146 1237
./frames/4CM11_24_L_#61 2 1238 1450
./frames/4CM11_24_L_#61 2 1451 1517
./frames/4CM11_24_L_#61 2 1518 1744
./frames/4CM11_24_L_#61 2 1745 1851
./frames/4CM11_24_L_#61 2 1852 2075
./frames/4CM11_24_L_#61 1 2076 2220
./frames/4CM11_24_L_#61 2 2221 2363
./frames/4CM11_24_L_#61 2 2364 2603
./frames/4CM11_24_L_#61 2 2604 2678
./frames/4CM11_24_L_#61 2 2679 2883
./frames/4CM11_24_L_#61 1 2884 3065
./frames/4CM11_24_L_#61 2 3066 3170
./frames/4CM11_24_L_#61 2 3171 3365
./frames/4CM11_24_L_#61 1 3366 3583
./frames/4CM11_24_L_#61 2 3584 3682
./frames/4CM11_24_L_#61 2 3683 3906
./frames/4CM11_24_L_#61 2 3907 3981
./frames/4CM11_24_L_#61 1 3982 4026
./frames/4CM11_24_L_#62 1 1 76
./frames/4CM11_24_L_#62 2 77 144
./frames/4CM11_24_L_#62 2 145 343
./frames/4CM11_24_L_#62 2 344 422
./frames/4CM11_24_L_#62 2 423 640
./frames/4CM11_24_L_#62 2 641 691
./frames/4CM11_24_L_#62 2 692 899
./frames/4CM11_24_L_#62 1 900 1139
./frames/4CM11_24_L_#62 2 1140 1207
./frames/4CM11_24_L_#62 2 1208 1434
./frames/4CM11_24_L_#62 2 1435 1543
./frames/4CM11_24_L_#62 2 1544 1750
./frames/4CM11_24_L_#62 2 1751 1807
./frames/4CM11_24_L_#62 2 1808 2033
./frames/4CM11_24_L_#62 2 2034 2108
./frames/4CM11_24_L_#62 2 2109 2330
./frames/4CM11_24_L_#62 1 2331 2548
./frames/4CM11_24_L_#62 2 2549 2613
./frames/4CM11_24_L_#62 2 2614 2844
./frames/4CM11_24_L_#62 1 2845 3011
./frames/4CM11_24_L_#62 2 3012 3138
./frames/4CM11_24_L_#62 2 3139 3347
./frames/4CM11_24_L_#62 2 3348 3454
./frames/4CM11_24_L_#62 2 3455 3643
./frames/4CM11_24_L_#62 2 3644 3709
./frames/4CM11_24_L_#62 1 3710 3751
./frames/4CM11_24_L_#63 1 1 81
./frames/4CM11_24_L_#63 2 82 164
./frames/4CM11_24_L_#63 2 165 409
./frames/4CM11_24_L_#63 2 410 491
./frames/4CM11_24_L_#63 2 492 688
./frames/4CM11_24_L_#63 2 689 774
./frames/4CM11_24_L_#63 2 775 1021
./frames/4CM11_24_L_#63 2 1022 1101
./frames/4CM11_24_L_#63 2 1102 1328
./frames/4CM11_24_L_#63 1 1329 1589
./frames/4CM11_24_L_#63 2 1590 1656
./frames/4CM11_24_L_#63 2 1657 1904
./frames/4CM11_24_L_#63 2 1905 1965
./frames/4CM11_24_L_#63 2 1966 2221
./frames/4CM11_24_L_#63 2 2222 2275
./frames/4CM11_24_L_#63 2 2276 2510
./frames/4CM11_24_L_#63 2 2511 2630
./frames/4CM11_24_L_#63 2 2631 2798
./frames/4CM11_24_L_#63 1 2799 3069
./frames/4CM11_24_L_#63 2 3070 3176
./frames/4CM11_24_L_#63 2 3177 3381
./frames/4CM11_24_L_#63 1 3382 3590
./frames/4CM11_24_L_#63 2 3591 3697
./frames/4CM11_24_L_#63 2 3698 3887
./frames/4CM11_24_L_#63 2 3888 3973
./frames/4CM11_24_L_#63 1 3974 4000
./frames/4CM11_24_L_#64 1 1 68
./frames/4CM11_24_L_#64 2 69 147
./frames/4CM11_24_L_#64 2 148 366
./frames/4CM11_24_L_#64 2 367 428
./frames/4CM11_24_L_#64 2 429 652
./frames/4CM11_24_L_#64 2 653 724
./frames/4CM11_24_L_#64 2 725 956
./frames/4CM11_24_L_#64 2 957 1045
./frames/4CM11_24_L_#64 2 1046 1263
./frames/4CM11_24_L_#64 2 1264 1329
./frames/4CM11_24_L_#64 2 1330 1585
./frames/4CM11_24_L_#64 1 1586 1809
./frames/4CM11_24_L_#64 2 1810 1904
./frames/4CM11_24_L_#64 2 1905 2081
./frames/4CM11_24_L_#64 1 2082 2284
./frames/4CM11_24_L_#64 2 2285 2442
./frames/4CM11_24_L_#64 2 2443 2636
./frames/4CM11_24_L_#64 1 2637 2881
./frames/4CM11_24_L_#64 2 2882 2968
./frames/4CM11_24_L_#64 2 2969 3210
./frames/4CM11_24_L_#64 2 3211 3295
./frames/4CM11_24_L_#64 2 3296 3525
./frames/4CM11_24_L_#64 2 3526 3630
./frames/4CM11_24_L_#64 2 3631 3813
./frames/4CM11_24_L_#64 2 3814 3886
./frames/4CM11_24_L_#64 1 3887 3920
