./frames/1CM1_1_R_#217 12 29 72
./frames/1CM1_1_R_#217 1 73 235
./frames/1CM1_1_R_#217 9 236 260
./frames/1CM1_1_R_#217 1 261 448
./frames/1CM1_1_R_#217 13 449 509
./frames/1CM1_1_R_#217 2 510 756
./frames/1CM1_1_R_#217 8 757 788
./frames/1CM1_1_R_#217 2 789 1064
./frames/1CM1_1_R_#217 6 1065 1101
./frames/1CM1_1_R_#217 2 1102 1353
./frames/1CM1_1_R_#217 5 1884 1938
./frames/1CM1_1_R_#217 1 1939 2168
./frames/1CM1_1_R_#217 11 2169 2194
./frames/1CM1_1_R_#217 1 2195 2407
./frames/1CM1_1_R_#217 4 2861 2906
./frames/1CM1_1_R_#217 2 2907 3151
./frames/1CM1_1_R_#217 10 3388 3414
./frames/1CM1_1_R_#217 1 3415 3549
./frames/1CM1_1_R_#217 3 3550 3587
./frames/1CM1_1_R_#217 2 3588 3755
./frames/1CM1_1_R_#217 7 3756 3798
./frames/1CM1_1_R_#218 3 20 49
./frames/1CM1_1_R_#218 2 50 239
./frames/1CM1_1_R_#218 12 240 287
./frames/1CM1_1_R_#218 2 288 500
./frames/1CM1_1_R_#218 6 501 539
./frames/1CM1_1_R_#218 2 540 728
./frames/1CM1_1_R_#218 4 1041 1074
./frames/1CM1_1_R_#218 2 1075 1322
./frames/1CM1_1_R_#218 11 1323 1358
./frames/1CM1_1_R_#218 1 1359 1584
./frames/1CM1_1_R_#218 9 1906 1945
./frames/1CM1_1_R_#218 2 1946 2195
./frames/1CM1_1_R_#218 13 2491 2543
./frames/1CM1_1_R_#218 1 2544 2779
./frames/1CM1_1_R_#218 8 2780 2824
./frames/1CM1_1_R_#218 1 2825 3021
./frames/1CM1_1_R_#218 10 3022 3054
./frames/1CM1_1_R_#218 1 3055 3275
./frames/1CM1_1_R_#218 5 3276 3315
./frames/1CM1_1_R_#218 1 3316 3547
./frames/1CM1_1_R_#218 7 3548 3597
./frames/1CM1_1_R_#219 10 22 61
./frames/1CM1_1_R_#219 1 62 275
./frames/1CM1_1_R_#219 3 276 304
./frames/1CM1_1_R_#219 2 305 577
./frames/1CM1_1_R_#219 5 578 625
./frames/1CM1_1_R_#219 2 626 842
./frames/1CM1_1_R_#219 13 843 889
./frames/1CM1_1_R_#219 1 890 1130
./frames/1CM1_1_R_#219 8 1501 1566
./frames/1CM1_1_R_#219 1 1567 1829
./frames/1CM1_1_R_#219 6 1830 1872
./frames/1CM1_1_R_#219 1 1873 2086
./frames/1CM1_1_R_#219 7 2087 2131
./frames/1CM1_1_R_#219 1 2132 2381
./frames/1CM1_1_R_#219 4 2382 2415
./frames/1CM1_1_R_#219 2 2416 2681
./frames/1CM1_1_R_#219 9 3017 3053
./frames/1CM1_1_R_#219 2 3054 3352
./frames/1CM1_1_R_#219 11 3599 3639
./frames/1CM1_1_R_#219 2 3640 3817
./frames/1CM1_1_R_#219 12 3818 3864
./frames/1CM1_1_R_#220 9 26 68
./frames/1CM1_1_R_#220 2 69 307
./frames/1CM1_1_R_#220 5 308 344
./frames/1CM1_1_R_#220 2 345 572
./frames/1CM1_1_R_#220 8 573 611
./frames/1CM1_1_R_#220 1 612 883
./frames/1CM1_1_R_#220 11 884 918
./frames/1CM1_1_R_#220 2 919 1160
./frames/1CM1_1_R_#220 7 1458 1507
./frames/1CM1_1_R_#220 1 1508 1761
./frames/1CM1_1_R_#220 4 1762 1788
./frames/1CM1_1_R_#220 1 1789 2014
./frames/1CM1_1_R_#220 3 2373 2405
./frames/1CM1_1_R_#220 2 2406 2644
./frames/1CM1_1_R_#220 13 2645 2689
./frames/1CM1_1_R_#220 2 2690 2915
./frames/1CM1_1_R_#220 6 3228 3267
./frames/1CM1_1_R_#220 1 3268 3482
./frames/1CM1_1_R_#220 10 3483 3514
./frames/1CM1_1_R_#220 1 3515 3789
./frames/1CM1_1_R_#220 12 3790 3836
./frames/1CM1_2_R_#221 11 76 128
./frames/1CM1_2_R_#221 1 145 348
./frames/1CM1_2_R_#221 13 376 423
./frames/1CM1_2_R_#221 1 458 592
./frames/1CM1_2_R_#221 12 650 691
./frames/1CM1_2_R_#221 2 729 907
./frames/1CM1_2_R_#221 5 937 988
./frames/1CM1_2_R_#221 2 1026 1172
./frames/1CM1_2_R_#221 8 1392 1456
./frames/1CM1_2_R_#221 1 1519 1674
./frames/1CM1_2_R_#221 4 1751 1788
./frames/1CM1_2_R_#221 2 1884 2045
./frames/1CM1_2_R_#221 6 2107 2173
./frames/1CM1_2_R_#221 1 2229 2363
./frames/1CM1_2_R_#221 7 2651 2710
./frames/1CM1_2_R_#221 1 2730 2833
./frames/1CM1_2_R_#221 9 2996 3044
./frames/1CM1_2_R_#221 2 3104 3299
./frames/1CM1_2_R_#221 10 3371 3405
./frames/1CM1_2_R_#221 2 3496 3642
./frames/1CM1_2_R_#221 3 3689 3723
./frames/1CM1_2_R_#222 10 30 80
./frames/1CM1_2_R_#222 1 108 250
./frames/1CM1_2_R_#222 12 308 337
./frames/1CM1_2_R_#222 1 365 509
./frames/1CM1_2_R_#222 6 555 594
./frames/1CM1_2_R_#222 1 655 839
./frames/1CM1_2_R_#222 8 904 925
./frames/1CM1_2_R_#222 2 985 1151
./frames/1CM1_2_R_#222 7 1416 1441
./frames/1CM1_2_R_#222 2 1494 1673
./frames/1CM1_2_R_#222 3 1710 1733
./frames/1CM1_2_R_#222 2 1794 1948
./frames/1CM1_2_R_#222 4 1988 2013
./frames/1CM1_2_R_#222 2 2037 2204
./frames/1CM1_2_R_#222 11 2512 2553
./frames/1CM1_2_R_#222 2 2598 2763
./frames/1CM1_2_R_#222 5 2875 2937
./frames/1CM1_2_R_#222 1 2969 3129
./frames/1CM1_2_R_#222 9 3176 3211
./frames/1CM1_2_R_#222 1 3256 3412
./frames/1CM1_2_R_#222 13 3456 3507
./frames/1CM1_2_R_#223 9 30 63
./frames/1CM1_2_R_#223 1 102 263
./frames/1CM1_2_R_#223 3 359 397
./frames/1CM1_2_R_#223 1 450 605
./frames/1CM1_2_R_#223 10 698 729
./frames/1CM1_2_R_#223 2 866 1033
./frames/1CM1_2_R_#223 13 1060 1110
./frames/1CM1_2_R_#223 1 1151 1281
./frames/1CM1_2_R_#223 7 1498 1518
./frames/1CM1_2_R_#223 1 1568 1693
./frames/1CM1_2_R_#223 4 1972 1995
./frames/1CM1_2_R_#223 2 2050 2193
./frames/1CM1_2_R_#223 12 2218 2254
./frames/1CM1_2_R_#223 2 2302 2483
./frames/1CM1_2_R_#223 8 2507 2557
./frames/1CM1_2_R_#223 2 2653 2832
./frames/1CM1_2_R_#223 5 2877 2924
./frames/1CM1_2_R_#223 2 2979 3164
./frames/1CM1_2_R_#223 6 3369 3421
./frames/1CM1_2_R_#223 1 3490 3699
./frames/1CM1_2_R_#223 11 3827 3875
./frames/1CM1_2_R_#224 3 35 87
./frames/1CM1_2_R_#224 1 131 265
./frames/1CM1_2_R_#224 13 274 343
./frames/1CM1_2_R_#224 1 377 520
./frames/1CM1_2_R_#224 11 566 600
./frames/1CM1_2_R_#224 2 684 828
./frames/1CM1_2_R_#224 8 873 930
./frames/1CM1_2_R_#224 1 992 1130
./frames/1CM1_2_R_#224 12 1340 1389
./frames/1CM1_2_R_#224 2 1423 1579
./frames/1CM1_2_R_#224 6 1787 1841
./frames/1CM1_2_R_#224 2 1897 2054
./frames/1CM1_2_R_#224 9 2106 2162
./frames/1CM1_2_R_#224 1 2224 2368
./frames/1CM1_2_R_#224 7 2400 2446
./frames/1CM1_2_R_#224 2 2494 2629
./frames/1CM1_2_R_#224 5 2917 2979
./frames/1CM1_2_R_#224 2 3021 3266
./frames/1CM1_2_R_#224 4 3340 3368
./frames/1CM1_2_R_#224 1 3438 3612
./frames/1CM1_2_R_#224 10 3651 3693
./frames/1CM1_3_R_#225 3 44 78
./frames/1CM1_3_R_#225 2 79 344
./frames/1CM1_3_R_#225 7 345 395
./frames/1CM1_3_R_#225 1 396 660
./frames/1CM1_3_R_#225 13 661 706
./frames/1CM1_3_R_#225 2 707 934
./frames/1CM1_3_R_#225 6 935 971
./frames/1CM1_3_R_#225 1 972 1289
./frames/1CM1_3_R_#225 11 1290 1338
./frames/1CM1_3_R_#225 2 1339 1635
./frames/1CM1_3_R_#225 10 1927 1988
./frames/1CM1_3_R_#225 1 1989 2245
./frames/1CM1_3_R_#225 5 2471 2510
./frames/1CM1_3_R_#225 2 2511 2881
./frames/1CM1_3_R_#225 9 2882 2930
./frames/1CM1_3_R_#225 1 2931 3266
./frames/1CM1_3_R_#225 8 3267 3314
./frames/1CM1_3_R_#225 1 3315 3593
./frames/1CM1_3_R_#225 12 3858 3902
./frames/1CM1_3_R_#225 2 3903 4136
./frames/1CM1_3_R_#225 4 4137 4229
./frames/1CM1_3_R_#226 13 57 85
./frames/1CM1_3_R_#226 2 86 351
./frames/1CM1_3_R_#226 10 352 394
./frames/1CM1_3_R_#226 1 395 683
./frames/1CM1_3_R_#226 4 684 720
./frames/1CM1_3_R_#226 1 721 1085
./frames/1CM1_3_R_#226 7 1494 1515
./frames/1CM1_3_R_#226 1 1516 1991
./frames/1CM1_3_R_#226 6 2323 2370
./frames/1CM1_3_R_#226 2 2371 2635
./frames/1CM1_3_R_#226 12 2636 2668
./frames/1CM1_3_R_#226 1 2669 3052
./frames/1CM1_3_R_#226 8 3399 3427
./frames/1CM1_3_R_#226 2 3428 3767
./frames/1CM1_3_R_#226 5 3768 3795
./frames/1CM1_3_R_#226 1 3796 4050
./frames/1CM1_3_R_#226 9 4051 4083
./frames/1CM1_3_R_#226 2 4084 4329
./frames/1CM1_3_R_#226 11 4330 4385
./frames/1CM1_3_R_#226 2 4386 4696
./frames/1CM1_3_R_#226 3 4697 4739
./frames/1CM1_3_R_#227 9 38 61
./frames/1CM1_3_R_#227 2 62 366
./frames/1CM1_3_R_#227 10 367 416
./frames/1CM1_3_R_#227 1 417 732
./frames/1CM1_3_R_#227 13 733 764
./frames/1CM1_3_R_#227 1 765 1112
./frames/1CM1_3_R_#227 7 1113 1153
./frames/1CM1_3_R_#227 2 1154 1506
./frames/1CM1_3_R_#227 12 1874 1909
./frames/1CM1_3_R_#227 1 1910 2413
./frames/1CM1_3_R_#227 5 2653 2694
./frames/1CM1_3_R_#227 2 2695 3010
./frames/1CM1_3_R_#227 11 3011 3055
./frames/1CM1_3_R_#227 2 3056 3351
./frames/1CM1_3_R_#227 3 3682 3700
./frames/1CM1_3_R_#227 2 3701 4353
./frames/1CM1_3_R_#227 4 4354 4386
./frames/1CM1_3_R_#227 1 4387 4651
./frames/1CM1_3_R_#227 8 4652 4686
./frames/1CM1_3_R_#227 1 4687 4984
./frames/1CM1_3_R_#227 6 4985 5009
./frames/1CM1_3_R_#228 10 54 88
./frames/1CM1_3_R_#228 1 89 361
./frames/1CM1_3_R_#228 12 362 388
./frames/1CM1_3_R_#228 1 389 622
./frames/1CM1_3_R_#228 9 623 650
./frames/1CM1_3_R_#228 2 651 935
./frames/1CM1_3_R_#228 11 936 962
./frames/1CM1_3_R_#228 1 963 1314
./frames/1CM1_3_R_#228 7 1501 1552
./frames/1CM1_3_R_#228 1 1553 1950
./frames/1CM1_3_R_#228 8 2099 2145
./frames/1CM1_3_R_#228 2 2146 2473
./frames/1CM1_3_R_#228 4 2474 2503
./frames/1CM1_3_R_#228 2 2504 2804
./frames/1CM1_3_R_#228 13 2805 2833
./frames/1CM1_3_R_#228 2 2834 3196
./frames/1CM1_3_R_#228 3 3434 3458
./frames/1CM1_3_R_#228 1 3459 3771
./frames/1CM1_3_R_#228 5 3772 3800
./frames/1CM1_3_R_#228 2 3801 4112
./frames/1CM1_3_R_#228 6 4113 4169
./frames/1CM42_15_R_#197 1 1 14
./frames/1CM42_15_R_#197 7 15 71
./frames/1CM42_15_R_#197 2 72 347
./frames/1CM42_15_R_#197 10 348 414
./frames/1CM42_15_R_#197 2 415 742
./frames/1CM42_15_R_#197 5 743 792
./frames/1CM42_15_R_#197 2 793 1060
./frames/1CM42_15_R_#197 13 1061 1083
./frames/1CM42_15_R_#197 1 1084 1337
./frames/1CM42_15_R_#197 9 1338 1401
./frames/1CM42_15_R_#197 1 1402 1620
./frames/1CM42_15_R_#197 8 1621 1670
./frames/1CM42_15_R_#197 1 1671 1953
./frames/1CM42_15_R_#197 4 2251 2281
./frames/1CM42_15_R_#197 2 2282 2662
./frames/1CM42_15_R_#197 11 2663 2697
./frames/1CM42_15_R_#197 2 2698 2959
./frames/1CM42_15_R_#197 12 3199 3259
./frames/1CM42_15_R_#197 1 3260 3540
./frames/1CM42_15_R_#197 3 3712 3743
./frames/1CM42_15_R_#197 1 3744 4009
./frames/1CM42_15_R_#197 6 4010 4032
./frames/1CM42_15_R_#198 1 1 15
./frames/1CM42_15_R_#198 8 16 62
./frames/1CM42_15_R_#198 2 63 360
./frames/1CM42_15_R_#198 7 361 406
./frames/1CM42_15_R_#198 1 407 822
./frames/1CM42_15_R_#198 3 823 852
./frames/1CM42_15_R_#198 2 853 1141
./frames/1CM42_15_R_#198 11 1142 1181
./frames/1CM42_15_R_#198 1 1182 1530
./frames/1CM42_15_R_#198 10 1761 1830
./frames/1CM42_15_R_#198 1 1831 2160
./frames/1CM42_15_R_#198 5 2161 2210
./frames/1CM42_15_R_#198 2 2211 2511
./frames/1CM42_15_R_#198 4 2765 2808
./frames/1CM42_15_R_#198 1 2809 3165
./frames/1CM42_15_R_#198 6 3395 3448
./frames/1CM42_15_R_#198 2 3449 3804
./frames/1CM42_15_R_#198 13 3805 3858
./frames/1CM42_15_R_#198 1 3859 4044
./frames/1CM42_15_R_#198 12 4045 4081
./frames/1CM42_15_R_#198 2 4082 4371
./frames/1CM42_15_R_#198 9 4372 4425
./frames/1CM42_15_R_#199 1 1 16
./frames/1CM42_15_R_#199 11 17 65
./frames/1CM42_15_R_#199 2 66 329
./frames/1CM42_15_R_#199 10 330 387
./frames/1CM42_15_R_#199 1 388 660
./frames/1CM42_15_R_#199 9 661 710
./frames/1CM42_15_R_#199 1 711 947
./frames/1CM42_15_R_#199 12 948 992
./frames/1CM42_15_R_#199 1 993 1292
./frames/1CM42_15_R_#199 7 1535 1597
./frames/1CM42_15_R_#199 1 1598 1941
./frames/1CM42_15_R_#199 13 2240 2308
./frames/1CM42_15_R_#199 2 2309 2602
./frames/1CM42_15_R_#199 5 2603 2641
./frames/1CM42_15_R_#199 2 2642 2887
./frames/1CM42_15_R_#199 8 2888 2929
./frames/1CM42_15_R_#199 1 2930 3162
./frames/1CM42_15_R_#199 3 3559 3597
./frames/1CM42_15_R_#199 2 3598 3884
./frames/1CM42_15_R_#199 4 3885 3910
./frames/1CM42_15_R_#199 2 3911 4161
./frames/1CM42_15_R_#199 6 4162 4219
./frames/1CM42_15_R_#200 2 1 11
./frames/1CM42_15_R_#200 13 12 60
./frames/1CM42_15_R_#200 1 61 400
./frames/1CM42_15_R_#200 11 401 451
./frames/1CM42_15_R_#200 2 452 780
./frames/1CM42_15_R_#200 8 781 828
./frames/1CM42_15_R_#200 2 829 1173
./frames/1CM42_15_R_#200 9 1174 1230
./frames/1CM42_15_R_#200 1 1231 1500
./frames/1CM42_15_R_#200 10 1501 1542
./frames/1CM42_15_R_#200 2 1543 1796
./frames/1CM42_15_R_#200 5 2087 2136
./frames/1CM42_15_R_#200 2 2137 2486
./frames/1CM42_15_R_#200 12 2487 2536
./frames/1CM42_15_R_#200 1 2537 2885
./frames/1CM42_15_R_#200 3 3202 3238
./frames/1CM42_15_R_#200 1 3239 3559
./frames/1CM42_15_R_#200 4 3700 3739
./frames/1CM42_15_R_#200 2 3740 4152
./frames/1CM42_15_R_#200 7 4153 4198
./frames/1CM42_15_R_#200 1 4199 4483
./frames/1CM42_15_R_#200 6 4484 4536
./frames/1CM42_30_R_#145 3 64 105
./frames/1CM42_30_R_#145 2 106 430
./frames/1CM42_30_R_#145 9 431 463
./frames/1CM42_30_R_#145 1 464 704
./frames/1CM42_30_R_#145 7 705 735
./frames/1CM42_30_R_#145 1 736 945
./frames/1CM42_30_R_#145 6 946 987
./frames/1CM42_30_R_#145 2 988 1248
./frames/1CM42_30_R_#145 5 1510 1534
./frames/1CM42_30_R_#145 2 1535 1796
./frames/1CM42_30_R_#145 4 2093 2125
./frames/1CM42_30_R_#145 1 2126 2397
./frames/1CM42_30_R_#145 11 2398 2450
./frames/1CM42_30_R_#145 1 2451 2694
./frames/1CM42_30_R_#145 8 2695 2735
./frames/1CM42_30_R_#145 2 2736 3074
./frames/1CM42_30_R_#145 10 3075 3120
./frames/1CM42_30_R_#145 1 3121 3277
./frames/1CM42_30_R_#145 12 3512 3538
./frames/1CM42_30_R_#145 2 3539 3677
./frames/1CM42_30_R_#145 13 3678 3714
./frames/1CM42_30_R_#146 3 38 104
./frames/1CM42_30_R_#146 2 105 408
./frames/1CM42_30_R_#146 12 409 451
./frames/1CM42_30_R_#146 1 452 812
./frames/1CM42_30_R_#146 7 813 870
./frames/1CM42_30_R_#146 2 871 1180
./frames/1CM42_30_R_#146 6 1181 1222
./frames/1CM42_30_R_#146 2 1223 1453
./frames/1CM42_30_R_#146 13 1454 1496
./frames/1CM42_30_R_#146 2 1497 1705
./frames/1CM42_30_R_#146 10 2033 2084
./frames/1CM42_30_R_#146 1 2085 2308
./frames/1CM42_30_R_#146 4 2547 2588
./frames/1CM42_30_R_#146 1 2589 2784
./frames/1CM42_30_R_#146 11 3033 3094
./frames/1CM42_30_R_#146 1 3095 3277
./frames/1CM42_30_R_#146 9 3278 3337
./frames/1CM42_30_R_#146 1 3338 3558
./frames/1CM42_30_R_#146 5 3559 3598
./frames/1CM42_30_R_#146 2 3599 3722
./frames/1CM42_30_R_#146 8 3723 3754
./frames/1CM42_30_R_#147 11 45 102
./frames/1CM42_30_R_#147 2 103 417
./frames/1CM42_30_R_#147 8 418 454
./frames/1CM42_30_R_#147 1 455 735
./frames/1CM42_30_R_#147 12 736 768
./frames/1CM42_30_R_#147 1 769 1045
./frames/1CM42_30_R_#147 5 1046 1078
./frames/1CM42_30_R_#147 1 1079 1258
./frames/1CM42_30_R_#147 3 1445 1503
./frames/1CM42_30_R_#147 1 1504 1646
./frames/1CM42_30_R_#147 10 1851 1901
./frames/1CM42_30_R_#147 2 1902 2239
./frames/1CM42_30_R_#147 7 2240 2285
./frames/1CM42_30_R_#147 2 2286 2540
./frames/1CM42_30_R_#147 13 2541 2578
./frames/1CM42_30_R_#147 1 2579 2850
./frames/1CM42_30_R_#147 6 3054 3101
./frames/1CM42_30_R_#147 2 3102 3334
./frames/1CM42_30_R_#147 4 3335 3382
./frames/1CM42_30_R_#147 2 3383 3636
./frames/1CM42_30_R_#147 9 3637 3691
./frames/1CM42_30_R_#148 3 42 96
./frames/1CM42_30_R_#148 2 97 351
./frames/1CM42_30_R_#148 5 352 385
./frames/1CM42_30_R_#148 1 386 618
./frames/1CM42_30_R_#148 12 619 644
./frames/1CM42_30_R_#148 2 645 925
./frames/1CM42_30_R_#148 13 926 965
./frames/1CM42_30_R_#148 2 966 1225
./frames/1CM42_30_R_#148 10 1490 1544
./frames/1CM42_30_R_#148 2 1545 1716
./frames/1CM42_30_R_#148 4 1968 2011
./frames/1CM42_30_R_#148 1 2012 2353
./frames/1CM42_30_R_#148 7 2354 2396
./frames/1CM42_30_R_#148 1 2397 2632
./frames/1CM42_30_R_#148 11 2633 2686
./frames/1CM42_30_R_#148 1 2687 2866
./frames/1CM42_30_R_#148 8 3067 3106
./frames/1CM42_30_R_#148 1 3107 3360
./frames/1CM42_30_R_#148 9 3361 3408
./frames/1CM42_30_R_#148 2 3409 3635
./frames/1CM42_30_R_#148 6 3636 3672
./frames/1CM42_31_R_#129 11 31 120
./frames/1CM42_31_R_#129 2 121 372
./frames/1CM42_31_R_#129 8 373 438
./frames/1CM42_31_R_#129 1 439 742
./frames/1CM42_31_R_#129 4 743 816
./frames/1CM42_31_R_#129 1 817 1077
./frames/1CM42_31_R_#129 6 1078 1116
./frames/1CM42_31_R_#129 2 1117 1396
./frames/1CM42_31_R_#129 5 1397 1452
./frames/1CM42_31_R_#129 2 1453 1757
./frames/1CM42_31_R_#129 3 1758 1813
./frames/1CM42_31_R_#129 1 1814 2044
./frames/1CM42_31_R_#129 10 2259 2367
./frames/1CM42_31_R_#129 2 2368 2587
./frames/1CM42_31_R_#129 7 2783 2840
./frames/1CM42_31_R_#129 1 2841 3067
./frames/1CM42_31_R_#129 9 3271 3352
./frames/1CM42_31_R_#129 2 3353 3676
./frames/1CM42_31_R_#129 13 3677 3729
./frames/1CM42_31_R_#129 1 3730 4001
./frames/1CM42_31_R_#129 12 4002 4019
./frames/1CM42_31_R_#130 7 59 154
./frames/1CM42_31_R_#130 2 155 427
./frames/1CM42_31_R_#130 13 428 539
./frames/1CM42_31_R_#130 2 540 793
./frames/1CM42_31_R_#130 11 794 842
./frames/1CM42_31_R_#130 2 843 1145
./frames/1CM42_31_R_#130 8 1146 1266
./frames/1CM42_31_R_#130 1 1267 1552
./frames/1CM42_31_R_#130 5 2005 2110
./frames/1CM42_31_R_#130 1 2111 2428
./frames/1CM42_31_R_#130 12 2429 2558
./frames/1CM42_31_R_#130 2 2559 2773
./frames/1CM42_31_R_#130 4 2774 2854
./frames/1CM42_31_R_#130 2 2855 3140
./frames/1CM42_31_R_#130 9 3358 3483
./frames/1CM42_31_R_#130 1 3484 3685
./frames/1CM42_31_R_#130 3 3762 3859
./frames/1CM42_31_R_#130 1 3860 4073
./frames/1CM42_31_R_#130 6 4074 4178
./frames/1CM42_31_R_#130 1 4179 4386
./frames/1CM42_31_R_#130 10 4387 4428
./frames/1CM42_31_R_#131 8 62 159
./frames/1CM42_31_R_#131 2 160 361
./frames/1CM42_31_R_#131 9 362 464
./frames/1CM42_31_R_#131 1 465 690
./frames/1CM42_31_R_#131 4 691 736
./frames/1CM42_31_R_#131 1 737 972
./frames/1CM42_31_R_#131 7 973 1081
./frames/1CM42_31_R_#131 1 1082 1342
./frames/1CM42_31_R_#131 11 1650 1715
./frames/1CM42_31_R_#131 2 1716 1983
./frames/1CM42_31_R_#131 13 1984 2091
./frames/1CM42_31_R_#131 1 2092 2362
./frames/1CM42_31_R_#131 6 2795 2901
./frames/1CM42_31_R_#131 2 2902 3191
./frames/1CM42_31_R_#131 12 3192 3270
./frames/1CM42_31_R_#131 2 3271 3467
./frames/1CM42_31_R_#131 10 3468 3530
./frames/1CM42_31_R_#131 1 3531 3744
./frames/1CM42_31_R_#131 5 3841 3949
./frames/1CM42_31_R_#131 2 3950 4155
./frames/1CM42_31_R_#131 3 4156 4218
./frames/1CM42_31_R_#132 3 82 151
./frames/1CM42_31_R_#132 1 152 374
./frames/1CM42_31_R_#132 9 375 475
./frames/1CM42_31_R_#132 1 476 727
./frames/1CM42_31_R_#132 6 728 837
./frames/1CM42_31_R_#132 2 838 1080
./frames/1CM42_31_R_#132 7 1081 1167
./frames/1CM42_31_R_#132 2 1168 1442
./frames/1CM42_31_R_#132 10 1443 1488
./frames/1CM42_31_R_#132 1 1489 1842
./frames/1CM42_31_R_#132 4 2501 2559
./frames/1CM42_31_R_#132 2 2560 2839
./frames/1CM42_31_R_#132 12 2840 2941
./frames/1CM42_31_R_#132 2 2942 3157
./frames/1CM42_31_R_#132 5 3380 3476
./frames/1CM42_31_R_#132 2 3477 3665
./frames/1CM42_31_R_#132 8 3754 3853
./frames/1CM42_31_R_#132 1 3854 4048
./frames/1CM42_31_R_#132 13 4049 4139
./frames/1CM42_31_R_#132 1 4140 4342
./frames/1CM42_31_R_#132 11 4343 4385
./frames/1CV12_12_R_#89 6 91 182
./frames/1CV12_12_R_#89 2 183 419
./frames/1CV12_12_R_#89 12 420 507
./frames/1CV12_12_R_#89 2 508 727
./frames/1CV12_12_R_#89 3 728 783
./frames/1CV12_12_R_#89 1 784 1025
./frames/1CV12_12_R_#89 4 1026 1120
./frames/1CV12_12_R_#89 1 1121 1313
./frames/1CV12_12_R_#89 7 1314 1402
./frames/1CV12_12_R_#89 2 1403 1626
./frames/1CV12_12_R_#89 11 2041 2122
./frames/1CV12_12_R_#89 2 2123 2349
./frames/1CV12_12_R_#89 10 2350 2400
./frames/1CV12_12_R_#89 1 2401 2660
./frames/1CV12_12_R_#89 5 2661 2767
./frames/1CV12_12_R_#89 2 2768 3002
./frames/1CV12_12_R_#89 13 3373 3463
./frames/1CV12_12_R_#89 1 3464 3682
./frames/1CV12_12_R_#89 8 3978 4065
./frames/1CV12_12_R_#89 1 4066 4278
./frames/1CV12_12_R_#89 9 4279 4369
./frames/1CV12_12_R_#90 11 113 200
./frames/1CV12_12_R_#90 2 201 459
./frames/1CV12_12_R_#90 7 460 554
./frames/1CV12_12_R_#90 1 555 828
./frames/1CV12_12_R_#90 13 829 930
./frames/1CV12_12_R_#90 2 931 1152
./frames/1CV12_12_R_#90 4 1417 1531
./frames/1CV12_12_R_#90 1 1532 1813
./frames/1CV12_12_R_#90 3 1814 1920
./frames/1CV12_12_R_#90 2 1921 2174
./frames/1CV12_12_R_#90 6 2175 2279
./frames/1CV12_12_R_#90 2 2280 2534
./frames/1CV12_12_R_#90 9 2535 2682
./frames/1CV12_12_R_#90 1 2683 2965
./frames/1CV12_12_R_#90 5 3328 3423
./frames/1CV12_12_R_#90 1 3424 3683
./frames/1CV12_12_R_#90 10 3949 4051
./frames/1CV12_12_R_#90 2 4052 4289
./frames/1CV12_12_R_#90 12 4290 4387
./frames/1CV12_12_R_#90 1 4388 4628
./frames/1CV12_12_R_#90 8 4629 4697
./frames/1CV12_12_R_#91 10 73 165
./frames/1CV12_12_R_#91 2 166 407
./frames/1CV12_12_R_#91 11 408 498
./frames/1CV12_12_R_#91 1 499 748
./frames/1CV12_12_R_#91 12 749 844
./frames/1CV12_12_R_#91 2 845 1084
./frames/1CV12_12_R_#91 7 1085 1181
./frames/1CV12_12_R_#91 1 1182 1385
./frames/1CV12_12_R_#91 6 1386 1486
./frames/1CV12_12_R_#91 2 1487 1670
./frames/1CV12_12_R_#91 3 2197 2283
./frames/1CV12_12_R_#91 2 2284 2493
./frames/1CV12_12_R_#91 5 2841 2934
./frames/1CV12_12_R_#91 1 2935 3157
./frames/1CV12_12_R_#91 13 3158 3237
./frames/1CV12_12_R_#91 1 3238 3475
./frames/1CV12_12_R_#91 4 3476 3546
./frames/1CV12_12_R_#91 2 3547 3757
./frames/1CV12_12_R_#91 9 4119 4230
./frames/1CV12_12_R_#91 1 4231 4386
./frames/1CV12_12_R_#91 8 4387 4437
./frames/1CV12_12_R_#92 4 135 248
./frames/1CV12_12_R_#92 1 249 477
./frames/1CV12_12_R_#92 7 478 583
./frames/1CV12_12_R_#92 2 584 854
./frames/1CV12_12_R_#92 13 855 967
./frames/1CV12_12_R_#92 1 968 1187
./frames/1CV12_12_R_#92 6 1542 1662
./frames/1CV12_12_R_#92 1 1663 1886
./frames/1CV12_12_R_#92 12 2315 2411
./frames/1CV12_12_R_#92 2 2412 2637
./frames/1CV12_12_R_#92 5 2638 2746
./frames/1CV12_12_R_#92 1 2747 3013
./frames/1CV12_12_R_#92 9 3397 3539
./frames/1CV12_12_R_#92 2 3540 3784
./frames/1CV12_12_R_#92 3 3785 3897
./frames/1CV12_12_R_#92 2 3898 4102
./frames/1CV12_12_R_#92 10 4103 4206
./frames/1CV12_12_R_#92 2 4207 4425
./frames/1CV12_12_R_#92 11 4426 4518
./frames/1CV12_12_R_#92 1 4519 4672
./frames/1CV12_12_R_#92 8 4673 4719
./frames/1CV12_15_R_#101 9 29 126
./frames/1CV12_15_R_#101 2 127 282
./frames/1CV12_15_R_#101 5 283 382
./frames/1CV12_15_R_#101 2 383 603
./frames/1CV12_15_R_#101 8 604 696
./frames/1CV12_15_R_#101 2 697 885
./frames/1CV12_15_R_#101 3 886 971
./frames/1CV12_15_R_#101 1 972 1176
./frames/1CV12_15_R_#101 6 1177 1285
./frames/1CV12_15_R_#101 2 1286 1469
./frames/1CV12_15_R_#101 12 1470 1593
./frames/1CV12_15_R_#101 1 1594 1763
./frames/1CV12_15_R_#101 7 1911 2008
./frames/1CV12_15_R_#101 1 2009 2191
./frames/1CV12_15_R_#101 13 2331 2432
./frames/1CV12_15_R_#101 2 2433 2635
./frames/1CV12_15_R_#101 11 2636 2768
./frames/1CV12_15_R_#101 1 2769 2960
./frames/1CV12_15_R_#101 10 3118 3230
./frames/1CV12_15_R_#101 1 3231 3461
./frames/1CV12_15_R_#101 4 3523 3571
./frames/1CV12_15_R_#102 12 24 107
./frames/1CV12_15_R_#102 2 108 281
./frames/1CV12_15_R_#102 7 282 375
./frames/1CV12_15_R_#102 1 376 583
./frames/1CV12_15_R_#102 5 584 679
./frames/1CV12_15_R_#102 1 680 913
./frames/1CV12_15_R_#102 11 914 1023
./frames/1CV12_15_R_#102 2 1024 1231
./frames/1CV12_15_R_#102 3 1232 1310
./frames/1CV12_15_R_#102 1 1311 1470
./frames/1CV12_15_R_#102 8 1554 1687
./frames/1CV12_15_R_#102 1 1688 1884
./frames/1CV12_15_R_#102 6 1885 2003
./frames/1CV12_15_R_#102 1 2004 2177
./frames/1CV12_15_R_#102 10 2338 2462
./frames/1CV12_15_R_#102 2 2463 2643
./frames/1CV12_15_R_#102 9 2823 2923
./frames/1CV12_15_R_#102 2 2924 3174
./frames/1CV12_15_R_#102 4 3175 3307
./frames/1CV12_15_R_#102 2 3308 3539
./frames/1CV12_15_R_#102 13 3540 3666
./frames/1CV12_15_R_#103 5 41 124
./frames/1CV12_15_R_#103 1 125 301
./frames/1CV12_15_R_#103 12 302 395
./frames/1CV12_15_R_#103 2 396 624
./frames/1CV12_15_R_#103 11 625 738
./frames/1CV12_15_R_#103 2 739 945
./frames/1CV12_15_R_#103 6 946 1050
./frames/1CV12_15_R_#103 2 1051 1252
./frames/1CV12_15_R_#103 9 1253 1365
./frames/1CV12_15_R_#103 1 1366 1549
./frames/1CV12_15_R_#103 13 1657 1767
./frames/1CV12_15_R_#103 1 1768 1971
./frames/1CV12_15_R_#103 3 1972 2061
./frames/1CV12_15_R_#103 1 2062 2270
./frames/1CV12_15_R_#103 4 2387 2481
./frames/1CV12_15_R_#103 2 2482 2669
./frames/1CV12_15_R_#103 10 2807 2928
./frames/1CV12_15_R_#103 1 2929 3193
./frames/1CV12_15_R_#103 8 3194 3304
./frames/1CV12_15_R_#103 2 3305 3523
./frames/1CV12_15_R_#103 7 3524 3587
./frames/1CV12_15_R_#104 10 34 139
./frames/1CV12_15_R_#104 1 140 355
./frames/1CV12_15_R_#104 8 356 448
./frames/1CV12_15_R_#104 1 449 701
./frames/1CV12_15_R_#104 4 702 789
./frames/1CV12_15_R_#104 2 790 1013
./frames/1CV12_15_R_#104 11 1014 1131
./frames/1CV12_15_R_#104 2 1132 1341
./frames/1CV12_15_R_#104 6 1555 1655
./frames/1CV12_15_R_#104 1 1656 1897
./frames/1CV12_15_R_#104 13 2029 2139
./frames/1CV12_15_R_#104 1 2140 2363
./frames/1CV12_15_R_#104 9 2364 2460
./frames/1CV12_15_R_#104 2 2461 2696
./frames/1CV12_15_R_#104 7 2822 2927
./frames/1CV12_15_R_#104 1 2928 3185
./frames/1CV12_15_R_#104 12 3186 3313
./frames/1CV12_15_R_#104 2 3314 3589
./frames/1CV12_15_R_#104 3 3590 3666
./frames/1CV12_15_R_#104 2 3667 3897
./frames/1CV12_15_R_#104 5 3898 3963
./frames/1CV12_21_R_#109 5 105 211
./frames/1CV12_21_R_#109 2 212 469
./frames/1CV12_21_R_#109 7 470 568
./frames/1CV12_21_R_#109 2 569 825
./frames/1CV12_21_R_#109 9 826 957
./frames/1CV12_21_R_#109 1 958 1208
./frames/1CV12_21_R_#109 13 1209 1318
./frames/1CV12_21_R_#109 1 1319 1563
./frames/1CV12_21_R_#109 11 1564 1695
./frames/1CV12_21_R_#109 2 1696 1925
./frames/1CV12_21_R_#109 10 2366 2504
./frames/1CV12_21_R_#109 1 2505 2763
./frames/1CV12_21_R_#109 12 2764 2871
./frames/1CV12_21_R_#109 1 2872 3116
./frames/1CV12_21_R_#109 3 3426 3526
./frames/1CV12_21_R_#109 2 3527 3748
./frames/1CV12_21_R_#109 8 4007 4100
./frames/1CV12_21_R_#109 2 4101 4367
./frames/1CV12_21_R_#109 4 4368 4466
./frames/1CV12_21_R_#109 1 4467 4705
./frames/1CV12_21_R_#109 6 4706 4755
./frames/1CV12_21_R_#110 5 57 130
./frames/1CV12_21_R_#110 1 131 400
./frames/1CV12_21_R_#110 10 401 492
./frames/1CV12_21_R_#110 2 493 765
./frames/1CV12_21_R_#110 7 766 838
./frames/1CV12_21_R_#110 1 839 1080
./frames/1CV12_21_R_#110 6 1081 1160
./frames/1CV12_21_R_#110 1 1161 1435
./frames/1CV12_21_R_#110 4 1744 1811
./frames/1CV12_21_R_#110 2 1812 2036
./frames/1CV12_21_R_#110 8 2356 2438
./frames/1CV12_21_R_#110 2 2439 2687
./frames/1CV12_21_R_#110 9 2688 2781
./frames/1CV12_21_R_#110 2 2782 3036
./frames/1CV12_21_R_#110 3 3398 3469
./frames/1CV12_21_R_#110 1 3470 3774
./frames/1CV12_21_R_#110 12 3775 3847
./frames/1CV12_21_R_#110 1 3848 4122
./frames/1CV12_21_R_#110 11 4123 4202
./frames/1CV12_21_R_#110 2 4203 4438
./frames/1CV12_21_R_#110 13 4439 4491
./frames/1CV12_21_R_#111 13 81 196
./frames/1CV12_21_R_#111 2 197 495
./frames/1CV12_21_R_#111 11 496 615
./frames/1CV12_21_R_#111 2 616 846
./frames/1CV12_21_R_#111 7 847 959
./frames/1CV12_21_R_#111 2 960 1209
./frames/1CV12_21_R_#111 3 1210 1320
./frames/1CV12_21_R_#111 1 1321 1603
./frames/1CV12_21_R_#111 6 1604 1710
./frames/1CV12_21_R_#111 2 1711 1985
./frames/1CV12_21_R_#111 4 1986 2073
./frames/1CV12_21_R_#111 1 2074 2308
./frames/1CV12_21_R_#111 10 2650 2763
./frames/1CV12_21_R_#111 1 2764 3058
./frames/1CV12_21_R_#111 8 3059 3184
./frames/1CV12_21_R_#111 2 3185 3404
./frames/1CV12_21_R_#111 9 3703 3816
./frames/1CV12_21_R_#111 1 3817 4062
./frames/1CV12_21_R_#111 12 4269 4370
./frames/1CV12_21_R_#111 1 4371 4604
./frames/1CV12_21_R_#111 5 4605 4684
./frames/1CV12_21_R_#112 6 116 216
./frames/1CV12_21_R_#112 1 217 462
./frames/1CV12_21_R_#112 7 463 559
./frames/1CV12_21_R_#112 1 560 847
./frames/1CV12_21_R_#112 5 848 957
./frames/1CV12_21_R_#112 2 958 1220
./frames/1CV12_21_R_#112 13 1583 1688
./frames/1CV12_21_R_#112 1 1689 1953
./frames/1CV12_21_R_#112 12 2252 2342
./frames/1CV12_21_R_#112 2 2343 2620
./frames/1CV12_21_R_#112 8 2621 2718
./frames/1CV12_21_R_#112 1 2719 3040
./frames/1CV12_21_R_#112 11 3041 3162
./frames/1CV12_21_R_#112 2 3163 3414
./frames/1CV12_21_R_#112 4 3671 3791
./frames/1CV12_21_R_#112 2 3792 4043
./frames/1CV12_21_R_#112 9 4044 4161
./frames/1CV12_21_R_#112 2 4162 4391
./frames/1CV12_21_R_#112 3 4392 4507
./frames/1CV12_21_R_#112 1 4508 4763
./frames/1CV12_21_R_#112 10 4764 4826
./frames/1CV12_21_R_#112 1 4827 4853
./frames/4CM11_13_R_#29 9 32 99
./frames/4CM11_13_R_#29 1 143 334
./frames/4CM11_13_R_#29 8 335 395
./frames/4CM11_13_R_#29 2 435 622
./frames/4CM11_13_R_#29 5 623 687
./frames/4CM11_13_R_#29 1 733 920
./frames/4CM11_13_R_#29 10 949 1020
./frames/4CM11_13_R_#29 2 1084 1253
./frames/4CM11_13_R_#29 7 1285 1348
./frames/4CM11_13_R_#29 1 1416 1603
./frames/4CM11_13_R_#29 11 1628 1698
./frames/4CM11_13_R_#29 2 1731 1921
./frames/4CM11_13_R_#29 3 1938 1980
./frames/4CM11_13_R_#29 1 2042 2194
./frames/4CM11_13_R_#29 4 2458 2512
./frames/4CM11_13_R_#29 1 2591 2781
./frames/4CM11_13_R_#29 12 2909 2961
./frames/4CM11_13_R_#29 2 3026 3198
./frames/4CM11_13_R_#29 13 3384 3435
./frames/4CM11_13_R_#29 2 3483 3678
./frames/4CM11_13_R_#29 6 3679 3742
./frames/4CM11_13_R_#30 4 18 80
./frames/4CM11_13_R_#30 2 150 333
./frames/4CM11_13_R_#30 13 354 401
./frames/4CM11_13_R_#30 1 468 647
./frames/4CM11_13_R_#30 6 661 718
./frames/4CM11_13_R_#30 2 764 971
./frames/4CM11_13_R_#30 8 1125 1177
./frames/4CM11_13_R_#30 1 1232 1436
./frames/4CM11_13_R_#30 9 1462 1545
./frames/4CM11_13_R_#30 1 1597 1772
./frames/4CM11_13_R_#30 7 1783 1839
./frames/4CM11_13_R_#30 2 1888 2097
./frames/4CM11_13_R_#30 5 2291 2359
./frames/4CM11_13_R_#30 2 2433 2642
./frames/4CM11_13_R_#30 12 2845 2904
./frames/4CM11_13_R_#30 1 2969 3177
./frames/4CM11_13_R_#30 11 3201 3273
./frames/4CM11_13_R_#30 2 3334 3530
./frames/4CM11_13_R_#30 3 3554 3605
./frames/4CM11_13_R_#30 1 3649 3808
./frames/4CM11_13_R_#30 10 3841 3903
./frames/4CM11_13_R_#31 12 26 78
./frames/4CM11_13_R_#31 2 124 294
./frames/4CM11_13_R_#31 5 315 374
./frames/4CM11_13_R_#31 1 421 586
./frames/4CM11_13_R_#31 7 622 684
./frames/4CM11_13_R_#31 2 749 908
./frames/4CM11_13_R_#31 11 963 1039
./frames/4CM11_13_R_#31 2 1113 1281
./frames/4CM11_13_R_#31 6 1514 1568
./frames/4CM11_13_R_#31 1 1622 1799
./frames/4CM11_13_R_#31 10 2018 2088
./frames/4CM11_13_R_#31 2 2174 2351
./frames/4CM11_13_R_#31 9 2395 2458
./frames/4CM11_13_R_#31 1 2511 2678
./frames/4CM11_13_R_#31 4 2730 2784
./frames/4CM11_13_R_#31 2 2829 3013
./frames/4CM11_13_R_#31 8 3169 3236
./frames/4CM11_13_R_#31 1 3329 3509
./frames/4CM11_13_R_#31 13 3510 3572
./frames/4CM11_13_R_#31 1 3641 3798
./frames/4CM11_13_R_#31 3 3814 3864
./frames/4CM11_13_R_#32 7 24 92
./frames/4CM11_13_R_#32 1 137 347
./frames/4CM11_13_R_#32 4 375 423
./frames/4CM11_13_R_#32 2 478 653
./frames/4CM11_13_R_#32 3 680 732
./frames/4CM11_13_R_#32 1 792 972
./frames/4CM11_13_R_#32 6 1159 1229
./frames/4CM11_13_R_#32 2 1306 1490
./frames/4CM11_13_R_#32 12 1532 1573
./frames/4CM11_13_R_#32 2 1636 1800
./frames/4CM11_13_R_#32 9 1812 1877
./frames/4CM11_13_R_#32 2 1927 2130
./frames/4CM11_13_R_#32 8 2303 2374
./frames/4CM11_13_R_#32 1 2431 2597
./frames/4CM11_13_R_#32 10 2751 2817
./frames/4CM11_13_R_#32 1 2872 3045
./frames/4CM11_13_R_#32 5 3087 3154
./frames/4CM11_13_R_#32 1 3226 3403
./frames/4CM11_13_R_#32 11 3475 3551
./frames/4CM11_13_R_#32 2 3609 3791
./frames/4CM11_13_R_#32 13 3807 3846
./frames/4CM11_18_R_#45 6 35 79
./frames/4CM11_18_R_#45 1 80 362
./frames/4CM11_18_R_#45 9 363 420
./frames/4CM11_18_R_#45 2 421 727
./frames/4CM11_18_R_#45 4 728 771
./frames/4CM11_18_R_#45 1 772 964
./frames/4CM11_18_R_#45 13 965 1018
./frames/4CM11_18_R_#45 1 1019 1181
./frames/4CM11_18_R_#45 5 1182 1257
./frames/4CM11_18_R_#45 2 1258 1452
./frames/4CM11_18_R_#45 7 1764 1835
./frames/4CM11_18_R_#45 1 1836 2014
./frames/4CM11_18_R_#45 11 2015 2074
./frames/4CM11_18_R_#45 1 2075 2371
./frames/4CM11_18_R_#45 10 2372 2423
./frames/4CM11_18_R_#45 2 2424 2660
./frames/4CM11_18_R_#45 12 2893 2943
./frames/4CM11_18_R_#45 2 2944 3236
./frames/4CM11_18_R_#45 8 3307 3350
./frames/4CM11_18_R_#45 2 3351 3595
./frames/4CM11_18_R_#45 3 3596 3640
./frames/4CM11_18_R_#46 13 30 73
./frames/4CM11_18_R_#46 1 74 286
./frames/4CM11_18_R_#46 3 287 343
./frames/4CM11_18_R_#46 2 344 607
./frames/4CM11_18_R_#46 4 608 660
./frames/4CM11_18_R_#46 1 661 824
./frames/4CM11_18_R_#46 6 825 904
./frames/4CM11_18_R_#46 2 905 1187
./frames/4CM11_18_R_#46 8 1337 1390
./frames/4CM11_18_R_#46 2 1391 1781
./frames/4CM11_18_R_#46 10 1782 1893
./frames/4CM11_18_R_#46 2 1894 2181
./frames/4CM11_18_R_#46 7 2182 2241
./frames/4CM11_18_R_#46 1 2242 2476
./frames/4CM11_18_R_#46 5 2766 2803
./frames/4CM11_18_R_#46 2 2804 2950
./frames/4CM11_18_R_#46 11 3137 3231
./frames/4CM11_18_R_#46 1 3232 3417
./frames/4CM11_18_R_#46 9 3418 3491
./frames/4CM11_18_R_#46 1 3492 3674
./frames/4CM11_18_R_#46 12 3675 3719
./frames/4CM11_18_R_#47 4 18 92
./frames/4CM11_18_R_#47 2 93 255
./frames/4CM11_18_R_#47 8 256 309
./frames/4CM11_18_R_#47 1 310 482
./frames/4CM11_18_R_#47 3 483 535
./frames/4CM11_18_R_#47 1 536 727
./frames/4CM11_18_R_#47 9 728 797
./frames/4CM11_18_R_#47 2 798 1050
./frames/4CM11_18_R_#47 10 1242 1301
./frames/4CM11_18_R_#47 2 1302 1611
./frames/4CM11_18_R_#47 11 1612 1652
./frames/4CM11_18_R_#47 1 1653 1920
./frames/4CM11_18_R_#47 7 2153 2198
./frames/4CM11_18_R_#47 2 2199 2442
./frames/4CM11_18_R_#47 12 2642 2682
./frames/4CM11_18_R_#47 1 2683 3038
./frames/4CM11_18_R_#47 6 3039 3087
./frames/4CM11_18_R_#47 2 3088 3308
./frames/4CM11_18_R_#47 13 3309 3357
./frames/4CM11_18_R_#47 1 3358 3621
./frames/4CM11_18_R_#47 5 3622 3663
./frames/4CM11_18_R_#48 11 13 65
./frames/4CM11_18_R_#48 1 66 270
./frames/4CM11_18_R_#48 4 271 318
./frames/4CM11_18_R_#48 2 319 507
./frames/4CM11_18_R_#48 3 508 546
./frames/4CM11_18_R_#48 1 547 801
./frames/4CM11_18_R_#48 13 1002 1030
./frames/4CM11_18_R_#48 1 1031 1137
./frames/4CM11_18_R_#48 6 1138 1204
./frames/4CM11_18_R_#48 2 1205 1557
./frames/4CM11_18_R_#48 5 1785 1836
./frames/4CM11_18_R_#48 2 1837 2188
./frames/4CM11_18_R_#48 9 2189 2256
./frames/4CM11_18_R_#48 2 2257 2537
./frames/4CM11_18_R_#48 10 2713 2774
./frames/4CM11_18_R_#48 2 2775 2943
./frames/4CM11_18_R_#48 7 2944 2994
./frames/4CM11_18_R_#48 1 2995 3347
./frames/4CM11_18_R_#48 12 3348 3406
./frames/4CM11_18_R_#48 1 3407 3622
./frames/4CM11_18_R_#48 8 3623 3669
./frames/4CM11_20_R_#41 10 60 145
./frames/4CM11_20_R_#41 1 146 322
./frames/4CM11_20_R_#41 12 323 406
./frames/4CM11_20_R_#41 2 407 619
./frames/4CM11_20_R_#41 8 620 685
./frames/4CM11_20_R_#41 1 686 845
./frames/4CM11_20_R_#41 13 846 925
./frames/4CM11_20_R_#41 1 926 1108
./frames/4CM11_20_R_#41 3 1471 1583
./frames/4CM11_20_R_#41 2 1584 1721
./frames/4CM11_20_R_#41 5 1722 1768
./frames/4CM11_20_R_#41 2 1769 1975
./frames/4CM11_20_R_#41 6 2227 2320
./frames/4CM11_20_R_#41 1 2321 2528
./frames/4CM11_20_R_#41 11 2529 2607
./frames/4CM11_20_R_#41 1 2608 2786
./frames/4CM11_20_R_#41 9 2787 2869
./frames/4CM11_20_R_#41 2 2870 3068
./frames/4CM11_20_R_#41 4 3350 3456
./frames/4CM11_20_R_#41 2 3457 3622
./frames/4CM11_20_R_#41 7 3623 3693
./frames/4CM11_20_R_#42 13 30 147
./frames/4CM11_20_R_#42 1 148 331
./frames/4CM11_20_R_#42 11 332 402
./frames/4CM11_20_R_#42 1 403 594
./frames/4CM11_20_R_#42 10 595 665
./frames/4CM11_20_R_#42 2 666 818
./frames/4CM11_20_R_#42 9 819 906
./frames/4CM11_20_R_#42 2 907 1119
./frames/4CM11_20_R_#42 12 1440 1524
./frames/4CM11_20_R_#42 2 1525 1667
./frames/4CM11_20_R_#42 7 2013 2088
./frames/4CM11_20_R_#42 1 2089 2275
./frames/4CM11_20_R_#42 8 2520 2628
./frames/4CM11_20_R_#42 1 2629 2834
./frames/4CM11_20_R_#42 4 2835 2902
./frames/4CM11_20_R_#42 1 2903 3057
./frames/4CM11_20_R_#42 5 3058 3141
./frames/4CM11_20_R_#42 2 3142 3384
./frames/4CM11_20_R_#42 3 3385 3447
./frames/4CM11_20_R_#42 2 3448 3636
./frames/4CM11_20_R_#42 6 3637 3699
./frames/4CM11_20_R_#43 10 33 108
./frames/4CM11_20_R_#43 2 109 337
./frames/4CM11_20_R_#43 3 338 404
./frames/4CM11_20_R_#43 1 405 584
./frames/4CM11_20_R_#43 13 585 635
./frames/4CM11_20_R_#43 2 636 809
./frames/4CM11_20_R_#43 9 810 885
./frames/4CM11_20_R_#43 1 886 1076
./frames/4CM11_20_R_#43 7 1077 1152
./frames/4CM11_20_R_#43 1 1153 1348
./frames/4CM11_20_R_#43 11 1349 1422
./frames/4CM11_20_R_#43 2 1423 1611
./frames/4CM11_20_R_#43 5 1924 2004
./frames/4CM11_20_R_#43 2 2005 2201
./frames/4CM11_20_R_#43 4 2202 2271
./frames/4CM11_20_R_#43 2 2272 2550
./frames/4CM11_20_R_#43 8 2871 2948
./frames/4CM11_20_R_#43 1 2949 3206
./frames/4CM11_20_R_#43 6 3619 3704
./frames/4CM11_20_R_#43 1 3705 3907
./frames/4CM11_20_R_#43 12 3908 3978
./frames/4CM11_20_R_#44 7 51 161
./frames/4CM11_20_R_#44 2 162 324
./frames/4CM11_20_R_#44 3 325 386
./frames/4CM11_20_R_#44 2 387 665
./frames/4CM11_20_R_#44 13 666 745
./frames/4CM11_20_R_#44 1 746 1007
./frames/4CM11_20_R_#44 9 1008 1081
./frames/4CM11_20_R_#44 1 1082 1324
./frames/4CM11_20_R_#44 5 1604 1675
./frames/4CM11_20_R_#44 2 1676 1851
./frames/4CM11_20_R_#44 10 2190 2269
./frames/4CM11_20_R_#44 1 2270 2581
./frames/4CM11_20_R_#44 6 2812 2878
./frames/4CM11_20_R_#44 2 2879 3146
./frames/4CM11_20_R_#44 11 3147 3206
./frames/4CM11_20_R_#44 1 3207 3433
./frames/4CM11_20_R_#44 4 3434 3492
./frames/4CM11_20_R_#44 1 3493 3726
./frames/4CM11_20_R_#44 8 3727 3784
./frames/4CM11_20_R_#44 2 3785 3984
./frames/4CM11_20_R_#44 12 3985 4063
./frames/4CM11_24_L_#61 5 20 143
./frames/4CM11_24_L_#61 2 144 435
./frames/4CM11_24_L_#61 13 436 528
./frames/4CM11_24_L_#61 2 529 829
./frames/4CM11_24_L_#61 4 830 921
./frames/4CM11_24_L_#61 1 922 1145
./frames/4CM11_24_L_#61 6 1146 1237
./frames/4CM11_24_L_#61 1 1238 1450
./frames/4CM11_24_L_#61 12 1451 1517
./frames/4CM11_24_L_#61 1 1518 1744
./frames/4CM11_24_L_#61 8 1745 1851
./frames/4CM11_24_L_#61 2 1852 2075
./frames/4CM11_24_L_#61 10 2221 2363
./frames/4CM11_24_L_#61 1 2364 2603
./frames/4CM11_24_L_#61 3 2604 2678
./frames/4CM11_24_L_#61 1 2679 2883
./frames/4CM11_24_L_#61 11 3066 3170
./frames/4CM11_24_L_#61 2 3171 3365
./frames/4CM11_24_L_#61 9 3584 3682
./frames/4CM11_24_L_#61 2 3683 3906
./frames/4CM11_24_L_#61 7 3907 3981
./frames/4CM11_24_L_#62 5 77 144
./frames/4CM11_24_L_#62 2 145 343
./frames/4CM11_24_L_#62 6 344 422
./frames/4CM11_24_L_#62 1 423 640
./frames/4CM11_24_L_#62 12 641 691
./frames/4CM11_24_L_#62 1 692 899
./frames/4CM11_24_L_#62 13 1140 1207
./frames/4CM11_24_L_#62 2 1208 1434
./frames/4CM11_24_L_#62 7 1435 1543
./frames/4CM11_24_L_#62 2 1544 1750
./frames/4CM11_24_L_#62 4 1751 1807
./frames/4CM11_24_L_#62 2 1808 2033
./frames/4CM11_24_L_#62 10 2034 2108
./frames/4CM11_24_L_#62 2 2109 2330
./frames/4CM11_24_L_#62 3 2549 2613
./frames/4CM11_24_L_#62 1 2614 2844
./frames/4CM11_24_L_#62 8 3012 3138
./frames/4CM11_24_L_#62 1 3139 3347
./frames/4CM11_24_L_#62 9 3348 3454
./frames/4CM11_24_L_#62 1 3455 3643
./frames/4CM11_24_L_#62 11 3644 3709
./frames/4CM11_24_L_#63 9 82 164
./frames/4CM11_24_L_#63 1 165 409
./frames/4CM11_24_L_#63 8 410 491
./frames/4CM11_24_L_#63 2 492 688
./frames/4CM11_24_L_#63 10 689 774
./frames/4CM11_24_L_#63 2 775 1021
./frames/4CM11_24_L_#63 12 1022 1101
./frames/4CM11_24_L_#63 2 1102 1328
./frames/4CM11_24_L_#63 11 1590 1656
./frames/4CM11_24_L_#63 1 1657 1904
./frames/4CM11_24_L_#63 3 1905 1965
./frames/4CM11_24_L_#63 2 1966 2221
./frames/4CM11_24_L_#63 4 2222 2275
./frames/4CM11_24_L_#63 2 2276 2510
./frames/4CM11_24_L_#63 7 2511 2630
./frames/4CM11_24_L_#63 1 2631 2798
./frames/4CM11_24_L_#63 5 3070 3176
./frames/4CM11_24_L_#63 1 3177 3381
./frames/4CM11_24_L_#63 6 3591 3697
./frames/4CM11_24_L_#63 1 3698 3887
./frames/4CM11_24_L_#63 13 3888 3973
./frames/4CM11_24_L_#64 13 69 147
./frames/4CM11_24_L_#64 2 148 366
./frames/4CM11_24_L_#64 4 367 428
./frames/4CM11_24_L_#64 2 429 652
./frames/4CM11_24_L_#64 3 653 724
./frames/4CM11_24_L_#64 1 725 956
./frames/4CM11_24_L_#64 7 957 1045
./frames/4CM11_24_L_#64 2 1046 1263
./frames/4CM11_24_L_#64 9 1264 1329
./frames/4CM11_24_L_#64 2 1330 1585
./frames/4CM11_24_L_#64 12 1810 1904
./frames/4CM11_24_L_#64 1 1905 2081
./frames/4CM11_24_L_#64 10 2285 2442
./frames/4CM11_24_L_#64 1 2443 2636
./frames/4CM11_24_L_#64 5 2882 2968
./frames/4CM11_24_L_#64 1 2969 3210
./frames/4CM11_24_L_#64 8 3211 3295
./frames/4CM11_24_L_#64 2 3296 3525
./frames/4CM11_24_L_#64 11 3526 3630
./frames/4CM11_24_L_#64 1 3631 3813
./frames/4CM11_24_L_#64 6 3814 3886
