./flow/1CM1_1_R_#217 12 29 72
./flow/1CM1_1_R_#217 1 73 235
./flow/1CM1_1_R_#217 9 236 260
./flow/1CM1_1_R_#217 1 261 448
./flow/1CM1_1_R_#217 13 449 509
./flow/1CM1_1_R_#217 2 510 756
./flow/1CM1_1_R_#217 8 757 788
./flow/1CM1_1_R_#217 2 789 1064
./flow/1CM1_1_R_#217 6 1065 1101
./flow/1CM1_1_R_#217 2 1102 1353
./flow/1CM1_1_R_#217 5 1884 1938
./flow/1CM1_1_R_#217 1 1939 2168
./flow/1CM1_1_R_#217 11 2169 2194
./flow/1CM1_1_R_#217 1 2195 2407
./flow/1CM1_1_R_#217 4 2861 2906
./flow/1CM1_1_R_#217 2 2907 3151
./flow/1CM1_1_R_#217 10 3388 3414
./flow/1CM1_1_R_#217 1 3415 3549
./flow/1CM1_1_R_#217 3 3550 3587
./flow/1CM1_1_R_#217 2 3588 3755
./flow/1CM1_1_R_#217 7 3756 3798
./flow/1CM1_1_R_#218 3 20 49
./flow/1CM1_1_R_#218 2 50 239
./flow/1CM1_1_R_#218 12 240 287
./flow/1CM1_1_R_#218 2 288 500
./flow/1CM1_1_R_#218 6 501 539
./flow/1CM1_1_R_#218 2 540 728
./flow/1CM1_1_R_#218 4 1041 1074
./flow/1CM1_1_R_#218 2 1075 1322
./flow/1CM1_1_R_#218 11 1323 1358
./flow/1CM1_1_R_#218 1 1359 1584
./flow/1CM1_1_R_#218 9 1906 1945
./flow/1CM1_1_R_#218 2 1946 2195
./flow/1CM1_1_R_#218 13 2491 2543
./flow/1CM1_1_R_#218 1 2544 2779
./flow/1CM1_1_R_#218 8 2780 2824
./flow/1CM1_1_R_#218 1 2825 3021
./flow/1CM1_1_R_#218 10 3022 3054
./flow/1CM1_1_R_#218 1 3055 3275
./flow/1CM1_1_R_#218 5 3276 3315
./flow/1CM1_1_R_#218 1 3316 3547
./flow/1CM1_1_R_#218 7 3548 3597
./flow/1CM1_1_R_#219 10 22 61
./flow/1CM1_1_R_#219 1 62 275
./flow/1CM1_1_R_#219 3 276 304
./flow/1CM1_1_R_#219 2 305 577
./flow/1CM1_1_R_#219 5 578 625
./flow/1CM1_1_R_#219 2 626 842
./flow/1CM1_1_R_#219 13 843 889
./flow/1CM1_1_R_#219 1 890 1130
./flow/1CM1_1_R_#219 8 1501 1566
./flow/1CM1_1_R_#219 1 1567 1829
./flow/1CM1_1_R_#219 6 1830 1872
./flow/1CM1_1_R_#219 1 1873 2086
./flow/1CM1_1_R_#219 7 2087 2131
./flow/1CM1_1_R_#219 1 2132 2381
./flow/1CM1_1_R_#219 4 2382 2415
./flow/1CM1_1_R_#219 2 2416 2681
./flow/1CM1_1_R_#219 9 3017 3053
./flow/1CM1_1_R_#219 2 3054 3352
./flow/1CM1_1_R_#219 11 3599 3639
./flow/1CM1_1_R_#219 2 3640 3817
./flow/1CM1_1_R_#219 12 3818 3864
./flow/1CM1_1_R_#220 9 26 68
./flow/1CM1_1_R_#220 2 69 307
./flow/1CM1_1_R_#220 5 308 344
./flow/1CM1_1_R_#220 2 345 572
./flow/1CM1_1_R_#220 8 573 611
./flow/1CM1_1_R_#220 1 612 883
./flow/1CM1_1_R_#220 11 884 918
./flow/1CM1_1_R_#220 2 919 1160
./flow/1CM1_1_R_#220 7 1458 1507
./flow/1CM1_1_R_#220 1 1508 1761
./flow/1CM1_1_R_#220 4 1762 1788
./flow/1CM1_1_R_#220 1 1789 2014
./flow/1CM1_1_R_#220 3 2373 2405
./flow/1CM1_1_R_#220 2 2406 2644
./flow/1CM1_1_R_#220 13 2645 2689
./flow/1CM1_1_R_#220 2 2690 2915
./flow/1CM1_1_R_#220 6 3228 3267
./flow/1CM1_1_R_#220 1 3268 3482
./flow/1CM1_1_R_#220 10 3483 3514
./flow/1CM1_1_R_#220 1 3515 3789
./flow/1CM1_1_R_#220 12 3790 3836
./flow/1CM1_2_R_#221 11 76 128
./flow/1CM1_2_R_#221 1 145 348
./flow/1CM1_2_R_#221 13 376 423
./flow/1CM1_2_R_#221 1 458 592
./flow/1CM1_2_R_#221 12 650 691
./flow/1CM1_2_R_#221 2 729 907
./flow/1CM1_2_R_#221 5 937 988
./flow/1CM1_2_R_#221 2 1026 1172
./flow/1CM1_2_R_#221 8 1392 1456
./flow/1CM1_2_R_#221 1 1519 1674
./flow/1CM1_2_R_#221 4 1751 1788
./flow/1CM1_2_R_#221 2 1884 2045
./flow/1CM1_2_R_#221 6 2107 2173
./flow/1CM1_2_R_#221 1 2229 2363
./flow/1CM1_2_R_#221 7 2651 2710
./flow/1CM1_2_R_#221 1 2730 2833
./flow/1CM1_2_R_#221 9 2996 3044
./flow/1CM1_2_R_#221 2 3104 3299
./flow/1CM1_2_R_#221 10 3371 3405
./flow/1CM1_2_R_#221 2 3496 3642
./flow/1CM1_2_R_#221 3 3689 3723
./flow/1CM1_2_R_#222 10 30 80
./flow/1CM1_2_R_#222 1 108 250
./flow/1CM1_2_R_#222 12 308 337
./flow/1CM1_2_R_#222 1 365 509
./flow/1CM1_2_R_#222 6 555 594
./flow/1CM1_2_R_#222 1 655 839
./flow/1CM1_2_R_#222 8 904 925
./flow/1CM1_2_R_#222 2 985 1151
./flow/1CM1_2_R_#222 7 1416 1441
./flow/1CM1_2_R_#222 2 1494 1673
./flow/1CM1_2_R_#222 3 1710 1733
./flow/1CM1_2_R_#222 2 1794 1948
./flow/1CM1_2_R_#222 4 1988 2013
./flow/1CM1_2_R_#222 2 2037 2204
./flow/1CM1_2_R_#222 11 2512 2553
./flow/1CM1_2_R_#222 2 2598 2763
./flow/1CM1_2_R_#222 5 2875 2937
./flow/1CM1_2_R_#222 1 2969 3129
./flow/1CM1_2_R_#222 9 3176 3211
./flow/1CM1_2_R_#222 1 3256 3412
./flow/1CM1_2_R_#222 13 3456 3507
./flow/1CM1_2_R_#223 9 30 63
./flow/1CM1_2_R_#223 1 102 263
./flow/1CM1_2_R_#223 3 359 397
./flow/1CM1_2_R_#223 1 450 605
./flow/1CM1_2_R_#223 10 698 729
./flow/1CM1_2_R_#223 2 866 1033
./flow/1CM1_2_R_#223 13 1060 1110
./flow/1CM1_2_R_#223 1 1151 1281
./flow/1CM1_2_R_#223 7 1498 1518
./flow/1CM1_2_R_#223 1 1568 1693
./flow/1CM1_2_R_#223 4 1972 1995
./flow/1CM1_2_R_#223 2 2050 2193
./flow/1CM1_2_R_#223 12 2218 2254
./flow/1CM1_2_R_#223 2 2302 2483
./flow/1CM1_2_R_#223 8 2507 2557
./flow/1CM1_2_R_#223 2 2653 2832
./flow/1CM1_2_R_#223 5 2877 2924
./flow/1CM1_2_R_#223 2 2979 3164
./flow/1CM1_2_R_#223 6 3369 3421
./flow/1CM1_2_R_#223 1 3490 3699
./flow/1CM1_2_R_#223 11 3827 3875
./flow/1CM1_2_R_#224 3 35 87
./flow/1CM1_2_R_#224 1 131 265
./flow/1CM1_2_R_#224 13 274 343
./flow/1CM1_2_R_#224 1 377 520
./flow/1CM1_2_R_#224 11 566 600
./flow/1CM1_2_R_#224 2 684 828
./flow/1CM1_2_R_#224 8 873 930
./flow/1CM1_2_R_#224 1 992 1130
./flow/1CM1_2_R_#224 12 1340 1389
./flow/1CM1_2_R_#224 2 1423 1579
./flow/1CM1_2_R_#224 6 1787 1841
./flow/1CM1_2_R_#224 2 1897 2054
./flow/1CM1_2_R_#224 9 2106 2162
./flow/1CM1_2_R_#224 1 2224 2368
./flow/1CM1_2_R_#224 7 2400 2446
./flow/1CM1_2_R_#224 2 2494 2629
./flow/1CM1_2_R_#224 5 2917 2979
./flow/1CM1_2_R_#224 2 3021 3266
./flow/1CM1_2_R_#224 4 3340 3368
./flow/1CM1_2_R_#224 1 3438 3612
./flow/1CM1_2_R_#224 10 3651 3693
./flow/1CM1_3_R_#225 3 44 78
./flow/1CM1_3_R_#225 2 79 344
./flow/1CM1_3_R_#225 7 345 395
./flow/1CM1_3_R_#225 1 396 660
./flow/1CM1_3_R_#225 13 661 706
./flow/1CM1_3_R_#225 2 707 934
./flow/1CM1_3_R_#225 6 935 971
./flow/1CM1_3_R_#225 1 972 1289
./flow/1CM1_3_R_#225 11 1290 1338
./flow/1CM1_3_R_#225 2 1339 1635
./flow/1CM1_3_R_#225 10 1927 1988
./flow/1CM1_3_R_#225 1 1989 2245
./flow/1CM1_3_R_#225 5 2471 2510
./flow/1CM1_3_R_#225 2 2511 2881
./flow/1CM1_3_R_#225 9 2882 2930
./flow/1CM1_3_R_#225 1 2931 3266
./flow/1CM1_3_R_#225 8 3267 3314
./flow/1CM1_3_R_#225 1 3315 3593
./flow/1CM1_3_R_#225 12 3858 3902
./flow/1CM1_3_R_#225 2 3903 4136
./flow/1CM1_3_R_#225 4 4137 4229
./flow/1CM1_3_R_#226 13 57 85
./flow/1CM1_3_R_#226 2 86 351
./flow/1CM1_3_R_#226 10 352 394
./flow/1CM1_3_R_#226 1 395 683
./flow/1CM1_3_R_#226 4 684 720
./flow/1CM1_3_R_#226 1 721 1085
./flow/1CM1_3_R_#226 7 1494 1515
./flow/1CM1_3_R_#226 1 1516 1991
./flow/1CM1_3_R_#226 6 2323 2370
./flow/1CM1_3_R_#226 2 2371 2635
./flow/1CM1_3_R_#226 12 2636 2668
./flow/1CM1_3_R_#226 1 2669 3052
./flow/1CM1_3_R_#226 8 3399 3427
./flow/1CM1_3_R_#226 2 3428 3767
./flow/1CM1_3_R_#226 5 3768 3795
./flow/1CM1_3_R_#226 1 3796 4050
./flow/1CM1_3_R_#226 9 4051 4083
./flow/1CM1_3_R_#226 2 4084 4329
./flow/1CM1_3_R_#226 11 4330 4385
./flow/1CM1_3_R_#226 2 4386 4696
./flow/1CM1_3_R_#226 3 4697 4739
./flow/1CM1_3_R_#227 9 38 61
./flow/1CM1_3_R_#227 2 62 366
./flow/1CM1_3_R_#227 10 367 416
./flow/1CM1_3_R_#227 1 417 732
./flow/1CM1_3_R_#227 13 733 764
./flow/1CM1_3_R_#227 1 765 1112
./flow/1CM1_3_R_#227 7 1113 1153
./flow/1CM1_3_R_#227 2 1154 1506
./flow/1CM1_3_R_#227 12 1874 1909
./flow/1CM1_3_R_#227 1 1910 2413
./flow/1CM1_3_R_#227 5 2653 2694
./flow/1CM1_3_R_#227 2 2695 3010
./flow/1CM1_3_R_#227 11 3011 3055
./flow/1CM1_3_R_#227 2 3056 3351
./flow/1CM1_3_R_#227 3 3682 3700
./flow/1CM1_3_R_#227 2 3701 4353
./flow/1CM1_3_R_#227 4 4354 4386
./flow/1CM1_3_R_#227 1 4387 4651
./flow/1CM1_3_R_#227 8 4652 4686
./flow/1CM1_3_R_#227 1 4687 4984
./flow/1CM1_3_R_#227 6 4985 5009
./flow/1CM1_3_R_#228 10 54 88
./flow/1CM1_3_R_#228 1 89 361
./flow/1CM1_3_R_#228 12 362 388
./flow/1CM1_3_R_#228 1 389 622
./flow/1CM1_3_R_#228 9 623 650
./flow/1CM1_3_R_#228 2 651 935
./flow/1CM1_3_R_#228 11 936 962
./flow/1CM1_3_R_#228 1 963 1314
./flow/1CM1_3_R_#228 7 1501 1552
./flow/1CM1_3_R_#228 1 1553 1950
./flow/1CM1_3_R_#228 8 2099 2145
./flow/1CM1_3_R_#228 2 2146 2473
./flow/1CM1_3_R_#228 4 2474 2503
./flow/1CM1_3_R_#228 2 2504 2804
./flow/1CM1_3_R_#228 13 2805 2833
./flow/1CM1_3_R_#228 2 2834 3196
./flow/1CM1_3_R_#228 3 3434 3458
./flow/1CM1_3_R_#228 1 3459 3771
./flow/1CM1_3_R_#228 5 3772 3800
./flow/1CM1_3_R_#228 2 3801 4112
./flow/1CM1_3_R_#228 6 4113 4169
./flow/1CM42_15_R_#197 1 1 14
./flow/1CM42_15_R_#197 7 15 71
./flow/1CM42_15_R_#197 2 72 347
./flow/1CM42_15_R_#197 10 348 414
./flow/1CM42_15_R_#197 2 415 742
./flow/1CM42_15_R_#197 5 743 792
./flow/1CM42_15_R_#197 2 793 1060
./flow/1CM42_15_R_#197 13 1061 1083
./flow/1CM42_15_R_#197 1 1084 1337
./flow/1CM42_15_R_#197 9 1338 1401
./flow/1CM42_15_R_#197 1 1402 1620
./flow/1CM42_15_R_#197 8 1621 1670
./flow/1CM42_15_R_#197 1 1671 1953
./flow/1CM42_15_R_#197 4 2251 2281
./flow/1CM42_15_R_#197 2 2282 2662
./flow/1CM42_15_R_#197 11 2663 2697
./flow/1CM42_15_R_#197 2 2698 2959
./flow/1CM42_15_R_#197 12 3199 3259
./flow/1CM42_15_R_#197 1 3260 3540
./flow/1CM42_15_R_#197 3 3712 3743
./flow/1CM42_15_R_#197 1 3744 4009
./flow/1CM42_15_R_#197 6 4010 4032
./flow/1CM42_15_R_#198 1 1 15
./flow/1CM42_15_R_#198 8 16 62
./flow/1CM42_15_R_#198 2 63 360
./flow/1CM42_15_R_#198 7 361 406
./flow/1CM42_15_R_#198 1 407 822
./flow/1CM42_15_R_#198 3 823 852
./flow/1CM42_15_R_#198 2 853 1141
./flow/1CM42_15_R_#198 11 1142 1181
./flow/1CM42_15_R_#198 1 1182 1530
./flow/1CM42_15_R_#198 10 1761 1830
./flow/1CM42_15_R_#198 1 1831 2160
./flow/1CM42_15_R_#198 5 2161 2210
./flow/1CM42_15_R_#198 2 2211 2511
./flow/1CM42_15_R_#198 4 2765 2808
./flow/1CM42_15_R_#198 1 2809 3165
./flow/1CM42_15_R_#198 6 3395 3448
./flow/1CM42_15_R_#198 2 3449 3804
./flow/1CM42_15_R_#198 13 3805 3858
./flow/1CM42_15_R_#198 1 3859 4044
./flow/1CM42_15_R_#198 12 4045 4081
./flow/1CM42_15_R_#198 2 4082 4371
./flow/1CM42_15_R_#198 9 4372 4425
./flow/1CM42_15_R_#199 1 1 16
./flow/1CM42_15_R_#199 11 17 65
./flow/1CM42_15_R_#199 2 66 329
./flow/1CM42_15_R_#199 10 330 387
./flow/1CM42_15_R_#199 1 388 660
./flow/1CM42_15_R_#199 9 661 710
./flow/1CM42_15_R_#199 1 711 947
./flow/1CM42_15_R_#199 12 948 992
./flow/1CM42_15_R_#199 1 993 1292
./flow/1CM42_15_R_#199 7 1535 1597
./flow/1CM42_15_R_#199 1 1598 1941
./flow/1CM42_15_R_#199 13 2240 2308
./flow/1CM42_15_R_#199 2 2309 2602
./flow/1CM42_15_R_#199 5 2603 2641
./flow/1CM42_15_R_#199 2 2642 2887
./flow/1CM42_15_R_#199 8 2888 2929
./flow/1CM42_15_R_#199 1 2930 3162
./flow/1CM42_15_R_#199 3 3559 3597
./flow/1CM42_15_R_#199 2 3598 3884
./flow/1CM42_15_R_#199 4 3885 3910
./flow/1CM42_15_R_#199 2 3911 4161
./flow/1CM42_15_R_#199 6 4162 4219
./flow/1CM42_15_R_#200 2 1 11
./flow/1CM42_15_R_#200 13 12 60
./flow/1CM42_15_R_#200 1 61 400
./flow/1CM42_15_R_#200 11 401 451
./flow/1CM42_15_R_#200 2 452 780
./flow/1CM42_15_R_#200 8 781 828
./flow/1CM42_15_R_#200 2 829 1173
./flow/1CM42_15_R_#200 9 1174 1230
./flow/1CM42_15_R_#200 1 1231 1500
./flow/1CM42_15_R_#200 10 1501 1542
./flow/1CM42_15_R_#200 2 1543 1796
./flow/1CM42_15_R_#200 5 2087 2136
./flow/1CM42_15_R_#200 2 2137 2486
./flow/1CM42_15_R_#200 12 2487 2536
./flow/1CM42_15_R_#200 1 2537 2885
./flow/1CM42_15_R_#200 3 3202 3238
./flow/1CM42_15_R_#200 1 3239 3559
./flow/1CM42_15_R_#200 4 3700 3739
./flow/1CM42_15_R_#200 2 3740 4152
./flow/1CM42_15_R_#200 7 4153 4198
./flow/1CM42_15_R_#200 1 4199 4483
./flow/1CM42_15_R_#200 6 4484 4536
./flow/1CM42_30_R_#145 3 64 105
./flow/1CM42_30_R_#145 2 106 430
./flow/1CM42_30_R_#145 9 431 463
./flow/1CM42_30_R_#145 1 464 704
./flow/1CM42_30_R_#145 7 705 735
./flow/1CM42_30_R_#145 1 736 945
./flow/1CM42_30_R_#145 6 946 987
./flow/1CM42_30_R_#145 2 988 1248
./flow/1CM42_30_R_#145 5 1510 1534
./flow/1CM42_30_R_#145 2 1535 1796
./flow/1CM42_30_R_#145 4 2093 2125
./flow/1CM42_30_R_#145 1 2126 2397
./flow/1CM42_30_R_#145 11 2398 2450
./flow/1CM42_30_R_#145 1 2451 2694
./flow/1CM42_30_R_#145 8 2695 2735
./flow/1CM42_30_R_#145 2 2736 3074
./flow/1CM42_30_R_#145 10 3075 3120
./flow/1CM42_30_R_#145 1 3121 3277
./flow/1CM42_30_R_#145 12 3512 3538
./flow/1CM42_30_R_#145 2 3539 3677
./flow/1CM42_30_R_#145 13 3678 3714
./flow/1CM42_30_R_#146 3 38 104
./flow/1CM42_30_R_#146 2 105 408
./flow/1CM42_30_R_#146 12 409 451
./flow/1CM42_30_R_#146 1 452 812
./flow/1CM42_30_R_#146 7 813 870
./flow/1CM42_30_R_#146 2 871 1180
./flow/1CM42_30_R_#146 6 1181 1222
./flow/1CM42_30_R_#146 2 1223 1453
./flow/1CM42_30_R_#146 13 1454 1496
./flow/1CM42_30_R_#146 2 1497 1705
./flow/1CM42_30_R_#146 10 2033 2084
./flow/1CM42_30_R_#146 1 2085 2308
./flow/1CM42_30_R_#146 4 2547 2588
./flow/1CM42_30_R_#146 1 2589 2784
./flow/1CM42_30_R_#146 11 3033 3094
./flow/1CM42_30_R_#146 1 3095 3277
./flow/1CM42_30_R_#146 9 3278 3337
./flow/1CM42_30_R_#146 1 3338 3558
./flow/1CM42_30_R_#146 5 3559 3598
./flow/1CM42_30_R_#146 2 3599 3722
./flow/1CM42_30_R_#146 8 3723 3754
./flow/1CM42_30_R_#147 11 45 102
./flow/1CM42_30_R_#147 2 103 417
./flow/1CM42_30_R_#147 8 418 454
./flow/1CM42_30_R_#147 1 455 735
./flow/1CM42_30_R_#147 12 736 768
./flow/1CM42_30_R_#147 1 769 1045
./flow/1CM42_30_R_#147 5 1046 1078
./flow/1CM42_30_R_#147 1 1079 1258
./flow/1CM42_30_R_#147 3 1445 1503
./flow/1CM42_30_R_#147 1 1504 1646
./flow/1CM42_30_R_#147 10 1851 1901
./flow/1CM42_30_R_#147 2 1902 2239
./flow/1CM42_30_R_#147 7 2240 2285
./flow/1CM42_30_R_#147 2 2286 2540
./flow/1CM42_30_R_#147 13 2541 2578
./flow/1CM42_30_R_#147 1 2579 2850
./flow/1CM42_30_R_#147 6 3054 3101
./flow/1CM42_30_R_#147 2 3102 3334
./flow/1CM42_30_R_#147 4 3335 3382
./flow/1CM42_30_R_#147 2 3383 3636
./flow/1CM42_30_R_#147 9 3637 3691
./flow/1CM42_30_R_#148 3 42 96
./flow/1CM42_30_R_#148 2 97 351
./flow/1CM42_30_R_#148 5 352 385
./flow/1CM42_30_R_#148 1 386 618
./flow/1CM42_30_R_#148 12 619 644
./flow/1CM42_30_R_#148 2 645 925
./flow/1CM42_30_R_#148 13 926 965
./flow/1CM42_30_R_#148 2 966 1225
./flow/1CM42_30_R_#148 10 1490 1544
./flow/1CM42_30_R_#148 2 1545 1716
./flow/1CM42_30_R_#148 4 1968 2011
./flow/1CM42_30_R_#148 1 2012 2353
./flow/1CM42_30_R_#148 7 2354 2396
./flow/1CM42_30_R_#148 1 2397 2632
./flow/1CM42_30_R_#148 11 2633 2686
./flow/1CM42_30_R_#148 1 2687 2866
./flow/1CM42_30_R_#148 8 3067 3106
./flow/1CM42_30_R_#148 1 3107 3360
./flow/1CM42_30_R_#148 9 3361 3408
./flow/1CM42_30_R_#148 2 3409 3635
./flow/1CM42_30_R_#148 6 3636 3672
./flow/1CM42_31_R_#129 11 31 120
./flow/1CM42_31_R_#129 2 121 372
./flow/1CM42_31_R_#129 8 373 438
./flow/1CM42_31_R_#129 1 439 742
./flow/1CM42_31_R_#129 4 743 816
./flow/1CM42_31_R_#129 1 817 1077
./flow/1CM42_31_R_#129 6 1078 1116
./flow/1CM42_31_R_#129 2 1117 1396
./flow/1CM42_31_R_#129 5 1397 1452
./flow/1CM42_31_R_#129 2 1453 1757
./flow/1CM42_31_R_#129 3 1758 1813
./flow/1CM42_31_R_#129 1 1814 2044
./flow/1CM42_31_R_#129 10 2259 2367
./flow/1CM42_31_R_#129 2 2368 2587
./flow/1CM42_31_R_#129 7 2783 2840
./flow/1CM42_31_R_#129 1 2841 3067
./flow/1CM42_31_R_#129 9 3271 3352
./flow/1CM42_31_R_#129 2 3353 3676
./flow/1CM42_31_R_#129 13 3677 3729
./flow/1CM42_31_R_#129 1 3730 4001
./flow/1CM42_31_R_#129 12 4002 4019
./flow/1CM42_31_R_#130 7 59 154
./flow/1CM42_31_R_#130 2 155 427
./flow/1CM42_31_R_#130 13 428 539
./flow/1CM42_31_R_#130 2 540 793
./flow/1CM42_31_R_#130 11 794 842
./flow/1CM42_31_R_#130 2 843 1145
./flow/1CM42_31_R_#130 8 1146 1266
./flow/1CM42_31_R_#130 1 1267 1552
./flow/1CM42_31_R_#130 5 2005 2110
./flow/1CM42_31_R_#130 1 2111 2428
./flow/1CM42_31_R_#130 12 2429 2558
./flow/1CM42_31_R_#130 2 2559 2773
./flow/1CM42_31_R_#130 4 2774 2854
./flow/1CM42_31_R_#130 2 2855 3140
./flow/1CM42_31_R_#130 9 3358 3483
./flow/1CM42_31_R_#130 1 3484 3685
./flow/1CM42_31_R_#130 3 3762 3859
./flow/1CM42_31_R_#130 1 3860 4073
./flow/1CM42_31_R_#130 6 4074 4178
./flow/1CM42_31_R_#130 1 4179 4386
./flow/1CM42_31_R_#130 10 4387 4428
./flow/1CM42_31_R_#131 8 62 159
./flow/1CM42_31_R_#131 2 160 361
./flow/1CM42_31_R_#131 9 362 464
./flow/1CM42_31_R_#131 1 465 690
./flow/1CM42_31_R_#131 4 691 736
./flow/1CM42_31_R_#131 1 737 972
./flow/1CM42_31_R_#131 7 973 1081
./flow/1CM42_31_R_#131 1 1082 1342
./flow/1CM42_31_R_#131 11 1650 1715
./flow/1CM42_31_R_#131 2 1716 1983
./flow/1CM42_31_R_#131 13 1984 2091
./flow/1CM42_31_R_#131 1 2092 2362
./flow/1CM42_31_R_#131 6 2795 2901
./flow/1CM42_31_R_#131 2 2902 3191
./flow/1CM42_31_R_#131 12 3192 3270
./flow/1CM42_31_R_#131 2 3271 3467
./flow/1CM42_31_R_#131 10 3468 3530
./flow/1CM42_31_R_#131 1 3531 3744
./flow/1CM42_31_R_#131 5 3841 3949
./flow/1CM42_31_R_#131 2 3950 4155
./flow/1CM42_31_R_#131 3 4156 4218
./flow/1CM42_31_R_#132 3 82 151
./flow/1CM42_31_R_#132 1 152 374
./flow/1CM42_31_R_#132 9 375 475
./flow/1CM42_31_R_#132 1 476 727
./flow/1CM42_31_R_#132 6 728 837
./flow/1CM42_31_R_#132 2 838 1080
./flow/1CM42_31_R_#132 7 1081 1167
./flow/1CM42_31_R_#132 2 1168 1442
./flow/1CM42_31_R_#132 10 1443 1488
./flow/1CM42_31_R_#132 1 1489 1842
./flow/1CM42_31_R_#132 4 2501 2559
./flow/1CM42_31_R_#132 2 2560 2839
./flow/1CM42_31_R_#132 12 2840 2941
./flow/1CM42_31_R_#132 2 2942 3157
./flow/1CM42_31_R_#132 5 3380 3476
./flow/1CM42_31_R_#132 2 3477 3665
./flow/1CM42_31_R_#132 8 3754 3853
./flow/1CM42_31_R_#132 1 3854 4048
./flow/1CM42_31_R_#132 13 4049 4139
./flow/1CM42_31_R_#132 1 4140 4342
./flow/1CM42_31_R_#132 11 4343 4385
./flow/1CV12_12_R_#89 6 91 182
./flow/1CV12_12_R_#89 2 183 419
./flow/1CV12_12_R_#89 12 420 507
./flow/1CV12_12_R_#89 2 508 727
./flow/1CV12_12_R_#89 3 728 783
./flow/1CV12_12_R_#89 1 784 1025
./flow/1CV12_12_R_#89 4 1026 1120
./flow/1CV12_12_R_#89 1 1121 1313
./flow/1CV12_12_R_#89 7 1314 1402
./flow/1CV12_12_R_#89 2 1403 1626
./flow/1CV12_12_R_#89 11 2041 2122
./flow/1CV12_12_R_#89 2 2123 2349
./flow/1CV12_12_R_#89 10 2350 2400
./flow/1CV12_12_R_#89 1 2401 2660
./flow/1CV12_12_R_#89 5 2661 2767
./flow/1CV12_12_R_#89 2 2768 3002
./flow/1CV12_12_R_#89 13 3373 3463
./flow/1CV12_12_R_#89 1 3464 3682
./flow/1CV12_12_R_#89 8 3978 4065
./flow/1CV12_12_R_#89 1 4066 4278
./flow/1CV12_12_R_#89 9 4279 4369
./flow/1CV12_12_R_#90 11 113 200
./flow/1CV12_12_R_#90 2 201 459
./flow/1CV12_12_R_#90 7 460 554
./flow/1CV12_12_R_#90 1 555 828
./flow/1CV12_12_R_#90 13 829 930
./flow/1CV12_12_R_#90 2 931 1152
./flow/1CV12_12_R_#90 4 1417 1531
./flow/1CV12_12_R_#90 1 1532 1813
./flow/1CV12_12_R_#90 3 1814 1920
./flow/1CV12_12_R_#90 2 1921 2174
./flow/1CV12_12_R_#90 6 2175 2279
./flow/1CV12_12_R_#90 2 2280 2534
./flow/1CV12_12_R_#90 9 2535 2682
./flow/1CV12_12_R_#90 1 2683 2965
./flow/1CV12_12_R_#90 5 3328 3423
./flow/1CV12_12_R_#90 1 3424 3683
./flow/1CV12_12_R_#90 10 3949 4051
./flow/1CV12_12_R_#90 2 4052 4289
./flow/1CV12_12_R_#90 12 4290 4387
./flow/1CV12_12_R_#90 1 4388 4628
./flow/1CV12_12_R_#90 8 4629 4697
./flow/1CV12_12_R_#91 10 73 165
./flow/1CV12_12_R_#91 2 166 407
./flow/1CV12_12_R_#91 11 408 498
./flow/1CV12_12_R_#91 1 499 748
./flow/1CV12_12_R_#91 12 749 844
./flow/1CV12_12_R_#91 2 845 1084
./flow/1CV12_12_R_#91 7 1085 1181
./flow/1CV12_12_R_#91 1 1182 1385
./flow/1CV12_12_R_#91 6 1386 1486
./flow/1CV12_12_R_#91 2 1487 1670
./flow/1CV12_12_R_#91 3 2197 2283
./flow/1CV12_12_R_#91 2 2284 2493
./flow/1CV12_12_R_#91 5 2841 2934
./flow/1CV12_12_R_#91 1 2935 3157
./flow/1CV12_12_R_#91 13 3158 3237
./flow/1CV12_12_R_#91 1 3238 3475
./flow/1CV12_12_R_#91 4 3476 3546
./flow/1CV12_12_R_#91 2 3547 3757
./flow/1CV12_12_R_#91 9 4119 4230
./flow/1CV12_12_R_#91 1 4231 4386
./flow/1CV12_12_R_#91 8 4387 4437
./flow/1CV12_12_R_#92 4 135 248
./flow/1CV12_12_R_#92 1 249 477
./flow/1CV12_12_R_#92 7 478 583
./flow/1CV12_12_R_#92 2 584 854
./flow/1CV12_12_R_#92 13 855 967
./flow/1CV12_12_R_#92 1 968 1187
./flow/1CV12_12_R_#92 6 1542 1662
./flow/1CV12_12_R_#92 1 1663 1886
./flow/1CV12_12_R_#92 12 2315 2411
./flow/1CV12_12_R_#92 2 2412 2637
./flow/1CV12_12_R_#92 5 2638 2746
./flow/1CV12_12_R_#92 1 2747 3013
./flow/1CV12_12_R_#92 9 3397 3539
./flow/1CV12_12_R_#92 2 3540 3784
./flow/1CV12_12_R_#92 3 3785 3897
./flow/1CV12_12_R_#92 2 3898 4102
./flow/1CV12_12_R_#92 10 4103 4206
./flow/1CV12_12_R_#92 2 4207 4425
./flow/1CV12_12_R_#92 11 4426 4518
./flow/1CV12_12_R_#92 1 4519 4672
./flow/1CV12_12_R_#92 8 4673 4719
./flow/1CV12_15_R_#101 9 29 126
./flow/1CV12_15_R_#101 2 127 282
./flow/1CV12_15_R_#101 5 283 382
./flow/1CV12_15_R_#101 2 383 603
./flow/1CV12_15_R_#101 8 604 696
./flow/1CV12_15_R_#101 2 697 885
./flow/1CV12_15_R_#101 3 886 971
./flow/1CV12_15_R_#101 1 972 1176
./flow/1CV12_15_R_#101 6 1177 1285
./flow/1CV12_15_R_#101 2 1286 1469
./flow/1CV12_15_R_#101 12 1470 1593
./flow/1CV12_15_R_#101 1 1594 1763
./flow/1CV12_15_R_#101 7 1911 2008
./flow/1CV12_15_R_#101 1 2009 2191
./flow/1CV12_15_R_#101 13 2331 2432
./flow/1CV12_15_R_#101 2 2433 2635
./flow/1CV12_15_R_#101 11 2636 2768
./flow/1CV12_15_R_#101 1 2769 2960
./flow/1CV12_15_R_#101 10 3118 3230
./flow/1CV12_15_R_#101 1 3231 3461
./flow/1CV12_15_R_#101 4 3523 3571
./flow/1CV12_15_R_#102 12 24 107
./flow/1CV12_15_R_#102 2 108 281
./flow/1CV12_15_R_#102 7 282 375
./flow/1CV12_15_R_#102 1 376 583
./flow/1CV12_15_R_#102 5 584 679
./flow/1CV12_15_R_#102 1 680 913
./flow/1CV12_15_R_#102 11 914 1023
./flow/1CV12_15_R_#102 2 1024 1231
./flow/1CV12_15_R_#102 3 1232 1310
./flow/1CV12_15_R_#102 1 1311 1470
./flow/1CV12_15_R_#102 8 1554 1687
./flow/1CV12_15_R_#102 1 1688 1884
./flow/1CV12_15_R_#102 6 1885 2003
./flow/1CV12_15_R_#102 1 2004 2177
./flow/1CV12_15_R_#102 10 2338 2462
./flow/1CV12_15_R_#102 2 2463 2643
./flow/1CV12_15_R_#102 9 2823 2923
./flow/1CV12_15_R_#102 2 2924 3174
./flow/1CV12_15_R_#102 4 3175 3307
./flow/1CV12_15_R_#102 2 3308 3539
./flow/1CV12_15_R_#102 13 3540 3666
./flow/1CV12_15_R_#103 5 41 124
./flow/1CV12_15_R_#103 1 125 301
./flow/1CV12_15_R_#103 12 302 395
./flow/1CV12_15_R_#103 2 396 624
./flow/1CV12_15_R_#103 11 625 738
./flow/1CV12_15_R_#103 2 739 945
./flow/1CV12_15_R_#103 6 946 1050
./flow/1CV12_15_R_#103 2 1051 1252
./flow/1CV12_15_R_#103 9 1253 1365
./flow/1CV12_15_R_#103 1 1366 1549
./flow/1CV12_15_R_#103 13 1657 1767
./flow/1CV12_15_R_#103 1 1768 1971
./flow/1CV12_15_R_#103 3 1972 2061
./flow/1CV12_15_R_#103 1 2062 2270
./flow/1CV12_15_R_#103 4 2387 2481
./flow/1CV12_15_R_#103 2 2482 2669
./flow/1CV12_15_R_#103 10 2807 2928
./flow/1CV12_15_R_#103 1 2929 3193
./flow/1CV12_15_R_#103 8 3194 3304
./flow/1CV12_15_R_#103 2 3305 3523
./flow/1CV12_15_R_#103 7 3524 3587
./flow/1CV12_15_R_#104 10 34 139
./flow/1CV12_15_R_#104 1 140 355
./flow/1CV12_15_R_#104 8 356 448
./flow/1CV12_15_R_#104 1 449 701
./flow/1CV12_15_R_#104 4 702 789
./flow/1CV12_15_R_#104 2 790 1013
./flow/1CV12_15_R_#104 11 1014 1131
./flow/1CV12_15_R_#104 2 1132 1341
./flow/1CV12_15_R_#104 6 1555 1655
./flow/1CV12_15_R_#104 1 1656 1897
./flow/1CV12_15_R_#104 13 2029 2139
./flow/1CV12_15_R_#104 1 2140 2363
./flow/1CV12_15_R_#104 9 2364 2460
./flow/1CV12_15_R_#104 2 2461 2696
./flow/1CV12_15_R_#104 7 2822 2927
./flow/1CV12_15_R_#104 1 2928 3185
./flow/1CV12_15_R_#104 12 3186 3313
./flow/1CV12_15_R_#104 2 3314 3589
./flow/1CV12_15_R_#104 3 3590 3666
./flow/1CV12_15_R_#104 2 3667 3897
./flow/1CV12_15_R_#104 5 3898 3963
./flow/1CV12_21_R_#109 5 105 211
./flow/1CV12_21_R_#109 2 212 469
./flow/1CV12_21_R_#109 7 470 568
./flow/1CV12_21_R_#109 2 569 825
./flow/1CV12_21_R_#109 9 826 957
./flow/1CV12_21_R_#109 1 958 1208
./flow/1CV12_21_R_#109 13 1209 1318
./flow/1CV12_21_R_#109 1 1319 1563
./flow/1CV12_21_R_#109 11 1564 1695
./flow/1CV12_21_R_#109 2 1696 1925
./flow/1CV12_21_R_#109 10 2366 2504
./flow/1CV12_21_R_#109 1 2505 2763
./flow/1CV12_21_R_#109 12 2764 2871
./flow/1CV12_21_R_#109 1 2872 3116
./flow/1CV12_21_R_#109 3 3426 3526
./flow/1CV12_21_R_#109 2 3527 3748
./flow/1CV12_21_R_#109 8 4007 4100
./flow/1CV12_21_R_#109 2 4101 4367
./flow/1CV12_21_R_#109 4 4368 4466
./flow/1CV12_21_R_#109 1 4467 4705
./flow/1CV12_21_R_#109 6 4706 4755
./flow/1CV12_21_R_#110 5 57 130
./flow/1CV12_21_R_#110 1 131 400
./flow/1CV12_21_R_#110 10 401 492
./flow/1CV12_21_R_#110 2 493 765
./flow/1CV12_21_R_#110 7 766 838
./flow/1CV12_21_R_#110 1 839 1080
./flow/1CV12_21_R_#110 6 1081 1160
./flow/1CV12_21_R_#110 1 1161 1435
./flow/1CV12_21_R_#110 4 1744 1811
./flow/1CV12_21_R_#110 2 1812 2036
./flow/1CV12_21_R_#110 8 2356 2438
./flow/1CV12_21_R_#110 2 2439 2687
./flow/1CV12_21_R_#110 9 2688 2781
./flow/1CV12_21_R_#110 2 2782 3036
./flow/1CV12_21_R_#110 3 3398 3469
./flow/1CV12_21_R_#110 1 3470 3774
./flow/1CV12_21_R_#110 12 3775 3847
./flow/1CV12_21_R_#110 1 3848 4122
./flow/1CV12_21_R_#110 11 4123 4202
./flow/1CV12_21_R_#110 2 4203 4438
./flow/1CV12_21_R_#110 13 4439 4491
./flow/1CV12_21_R_#111 13 81 196
./flow/1CV12_21_R_#111 2 197 495
./flow/1CV12_21_R_#111 11 496 615
./flow/1CV12_21_R_#111 2 616 846
./flow/1CV12_21_R_#111 7 847 959
./flow/1CV12_21_R_#111 2 960 1209
./flow/1CV12_21_R_#111 3 1210 1320
./flow/1CV12_21_R_#111 1 1321 1603
./flow/1CV12_21_R_#111 6 1604 1710
./flow/1CV12_21_R_#111 2 1711 1985
./flow/1CV12_21_R_#111 4 1986 2073
./flow/1CV12_21_R_#111 1 2074 2308
./flow/1CV12_21_R_#111 10 2650 2763
./flow/1CV12_21_R_#111 1 2764 3058
./flow/1CV12_21_R_#111 8 3059 3184
./flow/1CV12_21_R_#111 2 3185 3404
./flow/1CV12_21_R_#111 9 3703 3816
./flow/1CV12_21_R_#111 1 3817 4062
./flow/1CV12_21_R_#111 12 4269 4370
./flow/1CV12_21_R_#111 1 4371 4604
./flow/1CV12_21_R_#111 5 4605 4684
./flow/1CV12_21_R_#112 6 116 216
./flow/1CV12_21_R_#112 1 217 462
./flow/1CV12_21_R_#112 7 463 559
./flow/1CV12_21_R_#112 1 560 847
./flow/1CV12_21_R_#112 5 848 957
./flow/1CV12_21_R_#112 2 958 1220
./flow/1CV12_21_R_#112 13 1583 1688
./flow/1CV12_21_R_#112 1 1689 1953
./flow/1CV12_21_R_#112 12 2252 2342
./flow/1CV12_21_R_#112 2 2343 2620
./flow/1CV12_21_R_#112 8 2621 2718
./flow/1CV12_21_R_#112 1 2719 3040
./flow/1CV12_21_R_#112 11 3041 3162
./flow/1CV12_21_R_#112 2 3163 3414
./flow/1CV12_21_R_#112 4 3671 3791
./flow/1CV12_21_R_#112 2 3792 4043
./flow/1CV12_21_R_#112 9 4044 4161
./flow/1CV12_21_R_#112 2 4162 4391
./flow/1CV12_21_R_#112 3 4392 4507
./flow/1CV12_21_R_#112 1 4508 4763
./flow/1CV12_21_R_#112 10 4764 4826
./flow/1CV12_21_R_#112 1 4827 4853
./flow/4CM11_13_R_#29 9 32 99
./flow/4CM11_13_R_#29 1 143 334
./flow/4CM11_13_R_#29 8 335 395
./flow/4CM11_13_R_#29 2 435 622
./flow/4CM11_13_R_#29 5 623 687
./flow/4CM11_13_R_#29 1 733 920
./flow/4CM11_13_R_#29 10 949 1020
./flow/4CM11_13_R_#29 2 1084 1253
./flow/4CM11_13_R_#29 7 1285 1348
./flow/4CM11_13_R_#29 1 1416 1603
./flow/4CM11_13_R_#29 11 1628 1698
./flow/4CM11_13_R_#29 2 1731 1921
./flow/4CM11_13_R_#29 3 1938 1980
./flow/4CM11_13_R_#29 1 2042 2194
./flow/4CM11_13_R_#29 4 2458 2512
./flow/4CM11_13_R_#29 1 2591 2781
./flow/4CM11_13_R_#29 12 2909 2961
./flow/4CM11_13_R_#29 2 3026 3198
./flow/4CM11_13_R_#29 13 3384 3435
./flow/4CM11_13_R_#29 2 3483 3678
./flow/4CM11_13_R_#29 6 3679 3742
./flow/4CM11_13_R_#30 4 18 80
./flow/4CM11_13_R_#30 2 150 333
./flow/4CM11_13_R_#30 13 354 401
./flow/4CM11_13_R_#30 1 468 647
./flow/4CM11_13_R_#30 6 661 718
./flow/4CM11_13_R_#30 2 764 971
./flow/4CM11_13_R_#30 8 1125 1177
./flow/4CM11_13_R_#30 1 1232 1436
./flow/4CM11_13_R_#30 9 1462 1545
./flow/4CM11_13_R_#30 1 1597 1772
./flow/4CM11_13_R_#30 7 1783 1839
./flow/4CM11_13_R_#30 2 1888 2097
./flow/4CM11_13_R_#30 5 2291 2359
./flow/4CM11_13_R_#30 2 2433 2642
./flow/4CM11_13_R_#30 12 2845 2904
./flow/4CM11_13_R_#30 1 2969 3177
./flow/4CM11_13_R_#30 11 3201 3273
./flow/4CM11_13_R_#30 2 3334 3530
./flow/4CM11_13_R_#30 3 3554 3605
./flow/4CM11_13_R_#30 1 3649 3808
./flow/4CM11_13_R_#30 10 3841 3903
./flow/4CM11_13_R_#31 12 26 78
./flow/4CM11_13_R_#31 2 124 294
./flow/4CM11_13_R_#31 5 315 374
./flow/4CM11_13_R_#31 1 421 586
./flow/4CM11_13_R_#31 7 622 684
./flow/4CM11_13_R_#31 2 749 908
./flow/4CM11_13_R_#31 11 963 1039
./flow/4CM11_13_R_#31 2 1113 1281
./flow/4CM11_13_R_#31 6 1514 1568
./flow/4CM11_13_R_#31 1 1622 1799
./flow/4CM11_13_R_#31 10 2018 2088
./flow/4CM11_13_R_#31 2 2174 2351
./flow/4CM11_13_R_#31 9 2395 2458
./flow/4CM11_13_R_#31 1 2511 2678
./flow/4CM11_13_R_#31 4 2730 2784
./flow/4CM11_13_R_#31 2 2829 3013
./flow/4CM11_13_R_#31 8 3169 3236
./flow/4CM11_13_R_#31 1 3329 3509
./flow/4CM11_13_R_#31 13 3510 3572
./flow/4CM11_13_R_#31 1 3641 3798
./flow/4CM11_13_R_#31 3 3814 3864
./flow/4CM11_13_R_#32 7 24 92
./flow/4CM11_13_R_#32 1 137 347
./flow/4CM11_13_R_#32 4 375 423
./flow/4CM11_13_R_#32 2 478 653
./flow/4CM11_13_R_#32 3 680 732
./flow/4CM11_13_R_#32 1 792 972
./flow/4CM11_13_R_#32 6 1159 1229
./flow/4CM11_13_R_#32 2 1306 1490
./flow/4CM11_13_R_#32 12 1532 1573
./flow/4CM11_13_R_#32 2 1636 1800
./flow/4CM11_13_R_#32 9 1812 1877
./flow/4CM11_13_R_#32 2 1927 2130
./flow/4CM11_13_R_#32 8 2303 2374
./flow/4CM11_13_R_#32 1 2431 2597
./flow/4CM11_13_R_#32 10 2751 2817
./flow/4CM11_13_R_#32 1 2872 3045
./flow/4CM11_13_R_#32 5 3087 3154
./flow/4CM11_13_R_#32 1 3226 3403
./flow/4CM11_13_R_#32 11 3475 3551
./flow/4CM11_13_R_#32 2 3609 3791
./flow/4CM11_13_R_#32 13 3807 3846
./flow/4CM11_18_R_#45 6 35 79
./flow/4CM11_18_R_#45 1 80 362
./flow/4CM11_18_R_#45 9 363 420
./flow/4CM11_18_R_#45 2 421 727
./flow/4CM11_18_R_#45 4 728 771
./flow/4CM11_18_R_#45 1 772 964
./flow/4CM11_18_R_#45 13 965 1018
./flow/4CM11_18_R_#45 1 1019 1181
./flow/4CM11_18_R_#45 5 1182 1257
./flow/4CM11_18_R_#45 2 1258 1452
./flow/4CM11_18_R_#45 7 1764 1835
./flow/4CM11_18_R_#45 1 1836 2014
./flow/4CM11_18_R_#45 11 2015 2074
./flow/4CM11_18_R_#45 1 2075 2371
./flow/4CM11_18_R_#45 10 2372 2423
./flow/4CM11_18_R_#45 2 2424 2660
./flow/4CM11_18_R_#45 12 2893 2943
./flow/4CM11_18_R_#45 2 2944 3236
./flow/4CM11_18_R_#45 8 3307 3350
./flow/4CM11_18_R_#45 2 3351 3595
./flow/4CM11_18_R_#45 3 3596 3640
./flow/4CM11_18_R_#46 13 30 73
./flow/4CM11_18_R_#46 1 74 286
./flow/4CM11_18_R_#46 3 287 343
./flow/4CM11_18_R_#46 2 344 607
./flow/4CM11_18_R_#46 4 608 660
./flow/4CM11_18_R_#46 1 661 824
./flow/4CM11_18_R_#46 6 825 904
./flow/4CM11_18_R_#46 2 905 1187
./flow/4CM11_18_R_#46 8 1337 1390
./flow/4CM11_18_R_#46 2 1391 1781
./flow/4CM11_18_R_#46 10 1782 1893
./flow/4CM11_18_R_#46 2 1894 2181
./flow/4CM11_18_R_#46 7 2182 2241
./flow/4CM11_18_R_#46 1 2242 2476
./flow/4CM11_18_R_#46 5 2766 2803
./flow/4CM11_18_R_#46 2 2804 2950
./flow/4CM11_18_R_#46 11 3137 3231
./flow/4CM11_18_R_#46 1 3232 3417
./flow/4CM11_18_R_#46 9 3418 3491
./flow/4CM11_18_R_#46 1 3492 3674
./flow/4CM11_18_R_#46 12 3675 3719
./flow/4CM11_18_R_#47 4 18 92
./flow/4CM11_18_R_#47 2 93 255
./flow/4CM11_18_R_#47 8 256 309
./flow/4CM11_18_R_#47 1 310 482
./flow/4CM11_18_R_#47 3 483 535
./flow/4CM11_18_R_#47 1 536 727
./flow/4CM11_18_R_#47 9 728 797
./flow/4CM11_18_R_#47 2 798 1050
./flow/4CM11_18_R_#47 10 1242 1301
./flow/4CM11_18_R_#47 2 1302 1611
./flow/4CM11_18_R_#47 11 1612 1652
./flow/4CM11_18_R_#47 1 1653 1920
./flow/4CM11_18_R_#47 7 2153 2198
./flow/4CM11_18_R_#47 2 2199 2442
./flow/4CM11_18_R_#47 12 2642 2682
./flow/4CM11_18_R_#47 1 2683 3038
./flow/4CM11_18_R_#47 6 3039 3087
./flow/4CM11_18_R_#47 2 3088 3308
./flow/4CM11_18_R_#47 13 3309 3357
./flow/4CM11_18_R_#47 1 3358 3621
./flow/4CM11_18_R_#47 5 3622 3663
./flow/4CM11_18_R_#48 11 13 65
./flow/4CM11_18_R_#48 1 66 270
./flow/4CM11_18_R_#48 4 271 318
./flow/4CM11_18_R_#48 2 319 507
./flow/4CM11_18_R_#48 3 508 546
./flow/4CM11_18_R_#48 1 547 801
./flow/4CM11_18_R_#48 13 1002 1030
./flow/4CM11_18_R_#48 1 1031 1137
./flow/4CM11_18_R_#48 6 1138 1204
./flow/4CM11_18_R_#48 2 1205 1557
./flow/4CM11_18_R_#48 5 1785 1836
./flow/4CM11_18_R_#48 2 1837 2188
./flow/4CM11_18_R_#48 9 2189 2256
./flow/4CM11_18_R_#48 2 2257 2537
./flow/4CM11_18_R_#48 10 2713 2774
./flow/4CM11_18_R_#48 2 2775 2943
./flow/4CM11_18_R_#48 7 2944 2994
./flow/4CM11_18_R_#48 1 2995 3347
./flow/4CM11_18_R_#48 12 3348 3406
./flow/4CM11_18_R_#48 1 3407 3622
./flow/4CM11_18_R_#48 8 3623 3669
./flow/4CM11_20_R_#41 10 60 145
./flow/4CM11_20_R_#41 1 146 322
./flow/4CM11_20_R_#41 12 323 406
./flow/4CM11_20_R_#41 2 407 619
./flow/4CM11_20_R_#41 8 620 685
./flow/4CM11_20_R_#41 1 686 845
./flow/4CM11_20_R_#41 13 846 925
./flow/4CM11_20_R_#41 1 926 1108
./flow/4CM11_20_R_#41 3 1471 1583
./flow/4CM11_20_R_#41 2 1584 1721
./flow/4CM11_20_R_#41 5 1722 1768
./flow/4CM11_20_R_#41 2 1769 1975
./flow/4CM11_20_R_#41 6 2227 2320
./flow/4CM11_20_R_#41 1 2321 2528
./flow/4CM11_20_R_#41 11 2529 2607
./flow/4CM11_20_R_#41 1 2608 2786
./flow/4CM11_20_R_#41 9 2787 2869
./flow/4CM11_20_R_#41 2 2870 3068
./flow/4CM11_20_R_#41 4 3350 3456
./flow/4CM11_20_R_#41 2 3457 3622
./flow/4CM11_20_R_#41 7 3623 3693
./flow/4CM11_20_R_#42 13 30 147
./flow/4CM11_20_R_#42 1 148 331
./flow/4CM11_20_R_#42 11 332 402
./flow/4CM11_20_R_#42 1 403 594
./flow/4CM11_20_R_#42 10 595 665
./flow/4CM11_20_R_#42 2 666 818
./flow/4CM11_20_R_#42 9 819 906
./flow/4CM11_20_R_#42 2 907 1119
./flow/4CM11_20_R_#42 12 1440 1524
./flow/4CM11_20_R_#42 2 1525 1667
./flow/4CM11_20_R_#42 7 2013 2088
./flow/4CM11_20_R_#42 1 2089 2275
./flow/4CM11_20_R_#42 8 2520 2628
./flow/4CM11_20_R_#42 1 2629 2834
./flow/4CM11_20_R_#42 4 2835 2902
./flow/4CM11_20_R_#42 1 2903 3057
./flow/4CM11_20_R_#42 5 3058 3141
./flow/4CM11_20_R_#42 2 3142 3384
./flow/4CM11_20_R_#42 3 3385 3447
./flow/4CM11_20_R_#42 2 3448 3636
./flow/4CM11_20_R_#42 6 3637 3699
./flow/4CM11_20_R_#43 10 33 108
./flow/4CM11_20_R_#43 2 109 337
./flow/4CM11_20_R_#43 3 338 404
./flow/4CM11_20_R_#43 1 405 584
./flow/4CM11_20_R_#43 13 585 635
./flow/4CM11_20_R_#43 2 636 809
./flow/4CM11_20_R_#43 9 810 885
./flow/4CM11_20_R_#43 1 886 1076
./flow/4CM11_20_R_#43 7 1077 1152
./flow/4CM11_20_R_#43 1 1153 1348
./flow/4CM11_20_R_#43 11 1349 1422
./flow/4CM11_20_R_#43 2 1423 1611
./flow/4CM11_20_R_#43 5 1924 2004
./flow/4CM11_20_R_#43 2 2005 2201
./flow/4CM11_20_R_#43 4 2202 2271
./flow/4CM11_20_R_#43 2 2272 2550
./flow/4CM11_20_R_#43 8 2871 2948
./flow/4CM11_20_R_#43 1 2949 3206
./flow/4CM11_20_R_#43 6 3619 3704
./flow/4CM11_20_R_#43 1 3705 3907
./flow/4CM11_20_R_#43 12 3908 3978
./flow/4CM11_20_R_#44 7 51 161
./flow/4CM11_20_R_#44 2 162 324
./flow/4CM11_20_R_#44 3 325 386
./flow/4CM11_20_R_#44 2 387 665
./flow/4CM11_20_R_#44 13 666 745
./flow/4CM11_20_R_#44 1 746 1007
./flow/4CM11_20_R_#44 9 1008 1081
./flow/4CM11_20_R_#44 1 1082 1324
./flow/4CM11_20_R_#44 5 1604 1675
./flow/4CM11_20_R_#44 2 1676 1851
./flow/4CM11_20_R_#44 10 2190 2269
./flow/4CM11_20_R_#44 1 2270 2581
./flow/4CM11_20_R_#44 6 2812 2878
./flow/4CM11_20_R_#44 2 2879 3146
./flow/4CM11_20_R_#44 11 3147 3206
./flow/4CM11_20_R_#44 1 3207 3433
./flow/4CM11_20_R_#44 4 3434 3492
./flow/4CM11_20_R_#44 1 3493 3726
./flow/4CM11_20_R_#44 8 3727 3784
./flow/4CM11_20_R_#44 2 3785 3984
./flow/4CM11_20_R_#44 12 3985 4063
./flow/4CM11_24_L_#61 5 20 143
./flow/4CM11_24_L_#61 2 144 435
./flow/4CM11_24_L_#61 13 436 528
./flow/4CM11_24_L_#61 2 529 829
./flow/4CM11_24_L_#61 4 830 921
./flow/4CM11_24_L_#61 1 922 1145
./flow/4CM11_24_L_#61 6 1146 1237
./flow/4CM11_24_L_#61 1 1238 1450
./flow/4CM11_24_L_#61 12 1451 1517
./flow/4CM11_24_L_#61 1 1518 1744
./flow/4CM11_24_L_#61 8 1745 1851
./flow/4CM11_24_L_#61 2 1852 2075
./flow/4CM11_24_L_#61 10 2221 2363
./flow/4CM11_24_L_#61 1 2364 2603
./flow/4CM11_24_L_#61 3 2604 2678
./flow/4CM11_24_L_#61 1 2679 2883
./flow/4CM11_24_L_#61 11 3066 3170
./flow/4CM11_24_L_#61 2 3171 3365
./flow/4CM11_24_L_#61 9 3584 3682
./flow/4CM11_24_L_#61 2 3683 3906
./flow/4CM11_24_L_#61 7 3907 3981
./flow/4CM11_24_L_#62 5 77 144
./flow/4CM11_24_L_#62 2 145 343
./flow/4CM11_24_L_#62 6 344 422
./flow/4CM11_24_L_#62 1 423 640
./flow/4CM11_24_L_#62 12 641 691
./flow/4CM11_24_L_#62 1 692 899
./flow/4CM11_24_L_#62 13 1140 1207
./flow/4CM11_24_L_#62 2 1208 1434
./flow/4CM11_24_L_#62 7 1435 1543
./flow/4CM11_24_L_#62 2 1544 1750
./flow/4CM11_24_L_#62 4 1751 1807
./flow/4CM11_24_L_#62 2 1808 2033
./flow/4CM11_24_L_#62 10 2034 2108
./flow/4CM11_24_L_#62 2 2109 2330
./flow/4CM11_24_L_#62 3 2549 2613
./flow/4CM11_24_L_#62 1 2614 2844
./flow/4CM11_24_L_#62 8 3012 3138
./flow/4CM11_24_L_#62 1 3139 3347
./flow/4CM11_24_L_#62 9 3348 3454
./flow/4CM11_24_L_#62 1 3455 3643
./flow/4CM11_24_L_#62 11 3644 3709
./flow/4CM11_24_L_#63 9 82 164
./flow/4CM11_24_L_#63 1 165 409
./flow/4CM11_24_L_#63 8 410 491
./flow/4CM11_24_L_#63 2 492 688
./flow/4CM11_24_L_#63 10 689 774
./flow/4CM11_24_L_#63 2 775 1021
./flow/4CM11_24_L_#63 12 1022 1101
./flow/4CM11_24_L_#63 2 1102 1328
./flow/4CM11_24_L_#63 11 1590 1656
./flow/4CM11_24_L_#63 1 1657 1904
./flow/4CM11_24_L_#63 3 1905 1965
./flow/4CM11_24_L_#63 2 1966 2221
./flow/4CM11_24_L_#63 4 2222 2275
./flow/4CM11_24_L_#63 2 2276 2510
./flow/4CM11_24_L_#63 7 2511 2630
./flow/4CM11_24_L_#63 1 2631 2798
./flow/4CM11_24_L_#63 5 3070 3176
./flow/4CM11_24_L_#63 1 3177 3381
./flow/4CM11_24_L_#63 6 3591 3697
./flow/4CM11_24_L_#63 1 3698 3887
./flow/4CM11_24_L_#63 13 3888 3973
./flow/4CM11_24_L_#64 13 69 147
./flow/4CM11_24_L_#64 2 148 366
./flow/4CM11_24_L_#64 4 367 428
./flow/4CM11_24_L_#64 2 429 652
./flow/4CM11_24_L_#64 3 653 724
./flow/4CM11_24_L_#64 1 725 956
./flow/4CM11_24_L_#64 7 957 1045
./flow/4CM11_24_L_#64 2 1046 1263
./flow/4CM11_24_L_#64 9 1264 1329
./flow/4CM11_24_L_#64 2 1330 1585
./flow/4CM11_24_L_#64 12 1810 1904
./flow/4CM11_24_L_#64 1 1905 2081
./flow/4CM11_24_L_#64 10 2285 2442
./flow/4CM11_24_L_#64 1 2443 2636
./flow/4CM11_24_L_#64 5 2882 2968
./flow/4CM11_24_L_#64 1 2969 3210
./flow/4CM11_24_L_#64 8 3211 3295
./flow/4CM11_24_L_#64 2 3296 3525
./flow/4CM11_24_L_#64 11 3526 3630
./flow/4CM11_24_L_#64 1 3631 3813
./flow/4CM11_24_L_#64 6 3814 3886
