./flow/1CM1_1_R_#217 1 1 28
./flow/1CM1_1_R_#217 2 29 72
./flow/1CM1_1_R_#217 2 73 235
./flow/1CM1_1_R_#217 2 236 260
./flow/1CM1_1_R_#217 2 261 448
./flow/1CM1_1_R_#217 2 449 509
./flow/1CM1_1_R_#217 2 510 756
./flow/1CM1_1_R_#217 2 757 788
./flow/1CM1_1_R_#217 2 789 1064
./flow/1CM1_1_R_#217 2 1065 1101
./flow/1CM1_1_R_#217 2 1102 1353
./flow/1CM1_1_R_#217 1 1354 1883
./flow/1CM1_1_R_#217 2 1884 1938
./flow/1CM1_1_R_#217 2 1939 2168
./flow/1CM1_1_R_#217 2 2169 2194
./flow/1CM1_1_R_#217 2 2195 2407
./flow/1CM1_1_R_#217 1 2408 2860
./flow/1CM1_1_R_#217 2 2861 2906
./flow/1CM1_1_R_#217 2 2907 3151
./flow/1CM1_1_R_#217 1 3152 3387
./flow/1CM1_1_R_#217 2 3388 3414
./flow/1CM1_1_R_#217 2 3415 3549
./flow/1CM1_1_R_#217 2 3550 3587
./flow/1CM1_1_R_#217 2 3588 3755
./flow/1CM1_1_R_#217 2 3756 3798
./flow/1CM1_1_R_#217 1 3799 3854
./flow/1CM1_1_R_#218 1 1 19
./flow/1CM1_1_R_#218 2 20 49
./flow/1CM1_1_R_#218 2 50 239
./flow/1CM1_1_R_#218 2 240 287
./flow/1CM1_1_R_#218 2 288 500
./flow/1CM1_1_R_#218 2 501 539
./flow/1CM1_1_R_#218 2 540 728
./flow/1CM1_1_R_#218 1 729 1040
./flow/1CM1_1_R_#218 2 1041 1074
./flow/1CM1_1_R_#218 2 1075 1322
./flow/1CM1_1_R_#218 2 1323 1358
./flow/1CM1_1_R_#218 2 1359 1584
./flow/1CM1_1_R_#218 1 1585 1905
./flow/1CM1_1_R_#218 2 1906 1945
./flow/1CM1_1_R_#218 2 1946 2195
./flow/1CM1_1_R_#218 1 2196 2490
./flow/1CM1_1_R_#218 2 2491 2543
./flow/1CM1_1_R_#218 2 2544 2779
./flow/1CM1_1_R_#218 2 2780 2824
./flow/1CM1_1_R_#218 2 2825 3021
./flow/1CM1_1_R_#218 2 3022 3054
./flow/1CM1_1_R_#218 2 3055 3275
./flow/1CM1_1_R_#218 2 3276 3315
./flow/1CM1_1_R_#218 2 3316 3547
./flow/1CM1_1_R_#218 2 3548 3597
./flow/1CM1_1_R_#218 1 3598 3655
./flow/1CM1_1_R_#219 1 1 21
./flow/1CM1_1_R_#219 2 22 61
./flow/1CM1_1_R_#219 2 62 275
./flow/1CM1_1_R_#219 2 276 304
./flow/1CM1_1_R_#219 2 305 577
./flow/1CM1_1_R_#219 2 578 625
./flow/1CM1_1_R_#219 2 626 842
./flow/1CM1_1_R_#219 2 843 889
./flow/1CM1_1_R_#219 2 890 1130
./flow/1CM1_1_R_#219 1 1131 1500
./flow/1CM1_1_R_#219 2 1501 1566
./flow/1CM1_1_R_#219 2 1567 1829
./flow/1CM1_1_R_#219 2 1830 1872
./flow/1CM1_1_R_#219 2 1873 2086
./flow/1CM1_1_R_#219 2 2087 2131
./flow/1CM1_1_R_#219 2 2132 2381
./flow/1CM1_1_R_#219 2 2382 2415
./flow/1CM1_1_R_#219 2 2416 2681
./flow/1CM1_1_R_#219 1 2682 3016
./flow/1CM1_1_R_#219 2 3017 3053
./flow/1CM1_1_R_#219 2 3054 3352
./flow/1CM1_1_R_#219 1 3353 3598
./flow/1CM1_1_R_#219 2 3599 3639
./flow/1CM1_1_R_#219 2 3640 3817
./flow/1CM1_1_R_#219 2 3818 3864
./flow/1CM1_1_R_#219 1 3865 3921
./flow/1CM1_1_R_#220 1 1 25
./flow/1CM1_1_R_#220 2 26 68
./flow/1CM1_1_R_#220 2 69 307
./flow/1CM1_1_R_#220 2 308 344
./flow/1CM1_1_R_#220 2 345 572
./flow/1CM1_1_R_#220 2 573 611
./flow/1CM1_1_R_#220 2 612 883
./flow/1CM1_1_R_#220 2 884 918
./flow/1CM1_1_R_#220 2 919 1160
./flow/1CM1_1_R_#220 1 1161 1457
./flow/1CM1_1_R_#220 2 1458 1507
./flow/1CM1_1_R_#220 2 1508 1761
./flow/1CM1_1_R_#220 2 1762 1788
./flow/1CM1_1_R_#220 2 1789 2014
./flow/1CM1_1_R_#220 1 2015 2372
./flow/1CM1_1_R_#220 2 2373 2405
./flow/1CM1_1_R_#220 2 2406 2644
./flow/1CM1_1_R_#220 2 2645 2689
./flow/1CM1_1_R_#220 2 2690 2915
./flow/1CM1_1_R_#220 1 2916 3227
./flow/1CM1_1_R_#220 2 3228 3267
./flow/1CM1_1_R_#220 2 3268 3482
./flow/1CM1_1_R_#220 2 3483 3514
./flow/1CM1_1_R_#220 2 3515 3789
./flow/1CM1_1_R_#220 2 3790 3836
./flow/1CM1_1_R_#220 1 3837 3889
./flow/1CM1_2_R_#221 1 1 75
./flow/1CM1_2_R_#221 2 76 128
./flow/1CM1_2_R_#221 1 129 144
./flow/1CM1_2_R_#221 2 145 348
./flow/1CM1_2_R_#221 1 349 375
./flow/1CM1_2_R_#221 2 376 423
./flow/1CM1_2_R_#221 1 424 457
./flow/1CM1_2_R_#221 2 458 592
./flow/1CM1_2_R_#221 1 593 649
./flow/1CM1_2_R_#221 2 650 691
./flow/1CM1_2_R_#221 1 692 728
./flow/1CM1_2_R_#221 2 729 907
./flow/1CM1_2_R_#221 1 908 936
./flow/1CM1_2_R_#221 2 937 988
./flow/1CM1_2_R_#221 1 989 1025
./flow/1CM1_2_R_#221 2 1026 1172
./flow/1CM1_2_R_#221 1 1173 1391
./flow/1CM1_2_R_#221 2 1392 1456
./flow/1CM1_2_R_#221 1 1457 1518
./flow/1CM1_2_R_#221 2 1519 1674
./flow/1CM1_2_R_#221 1 1675 1750
./flow/1CM1_2_R_#221 2 1751 1788
./flow/1CM1_2_R_#221 1 1789 1883
./flow/1CM1_2_R_#221 2 1884 2045
./flow/1CM1_2_R_#221 1 2046 2106
./flow/1CM1_2_R_#221 2 2107 2173
./flow/1CM1_2_R_#221 1 2174 2228
./flow/1CM1_2_R_#221 2 2229 2363
./flow/1CM1_2_R_#221 1 2364 2650
./flow/1CM1_2_R_#221 2 2651 2710
./flow/1CM1_2_R_#221 1 2711 2729
./flow/1CM1_2_R_#221 2 2730 2833
./flow/1CM1_2_R_#221 1 2834 2995
./flow/1CM1_2_R_#221 2 2996 3044
./flow/1CM1_2_R_#221 1 3045 3103
./flow/1CM1_2_R_#221 2 3104 3299
./flow/1CM1_2_R_#221 1 3300 3370
./flow/1CM1_2_R_#221 2 3371 3405
./flow/1CM1_2_R_#221 1 3406 3495
./flow/1CM1_2_R_#221 2 3496 3642
./flow/1CM1_2_R_#221 1 3643 3688
./flow/1CM1_2_R_#221 2 3689 3723
./flow/1CM1_2_R_#221 1 3724 3768
./flow/1CM1_2_R_#222 1 1 29
./flow/1CM1_2_R_#222 2 30 80
./flow/1CM1_2_R_#222 1 81 107
./flow/1CM1_2_R_#222 2 108 250
./flow/1CM1_2_R_#222 1 251 307
./flow/1CM1_2_R_#222 2 308 337
./flow/1CM1_2_R_#222 1 338 364
./flow/1CM1_2_R_#222 2 365 509
./flow/1CM1_2_R_#222 1 510 554
./flow/1CM1_2_R_#222 2 555 594
./flow/1CM1_2_R_#222 1 595 654
./flow/1CM1_2_R_#222 2 655 839
./flow/1CM1_2_R_#222 1 840 903
./flow/1CM1_2_R_#222 2 904 925
./flow/1CM1_2_R_#222 1 926 984
./flow/1CM1_2_R_#222 2 985 1151
./flow/1CM1_2_R_#222 1 1152 1415
./flow/1CM1_2_R_#222 2 1416 1441
./flow/1CM1_2_R_#222 1 1442 1493
./flow/1CM1_2_R_#222 2 1494 1673
./flow/1CM1_2_R_#222 1 1674 1709
./flow/1CM1_2_R_#222 2 1710 1733
./flow/1CM1_2_R_#222 1 1734 1793
./flow/1CM1_2_R_#222 2 1794 1948
./flow/1CM1_2_R_#222 1 1949 1987
./flow/1CM1_2_R_#222 2 1988 2013
./flow/1CM1_2_R_#222 1 2014 2036
./flow/1CM1_2_R_#222 2 2037 2204
./flow/1CM1_2_R_#222 1 2205 2511
./flow/1CM1_2_R_#222 2 2512 2553
./flow/1CM1_2_R_#222 1 2554 2597
./flow/1CM1_2_R_#222 2 2598 2763
./flow/1CM1_2_R_#222 1 2764 2874
./flow/1CM1_2_R_#222 2 2875 2937
./flow/1CM1_2_R_#222 1 2938 2968
./flow/1CM1_2_R_#222 2 2969 3129
./flow/1CM1_2_R_#222 1 3130 3175
./flow/1CM1_2_R_#222 2 3176 3211
./flow/1CM1_2_R_#222 1 3212 3255
./flow/1CM1_2_R_#222 2 3256 3412
./flow/1CM1_2_R_#222 1 3413 3455
./flow/1CM1_2_R_#222 2 3456 3507
./flow/1CM1_2_R_#222 1 3508 3651
./flow/1CM1_2_R_#223 1 1 29
./flow/1CM1_2_R_#223 2 30 63
./flow/1CM1_2_R_#223 1 64 101
./flow/1CM1_2_R_#223 2 102 263
./flow/1CM1_2_R_#223 1 264 358
./flow/1CM1_2_R_#223 2 359 397
./flow/1CM1_2_R_#223 1 398 449
./flow/1CM1_2_R_#223 2 450 605
./flow/1CM1_2_R_#223 1 606 697
./flow/1CM1_2_R_#223 2 698 729
./flow/1CM1_2_R_#223 1 730 865
./flow/1CM1_2_R_#223 2 866 1033
./flow/1CM1_2_R_#223 1 1034 1059
./flow/1CM1_2_R_#223 2 1060 1110
./flow/1CM1_2_R_#223 1 1111 1150
./flow/1CM1_2_R_#223 2 1151 1281
./flow/1CM1_2_R_#223 1 1282 1497
./flow/1CM1_2_R_#223 2 1498 1518
./flow/1CM1_2_R_#223 1 1519 1567
./flow/1CM1_2_R_#223 2 1568 1693
./flow/1CM1_2_R_#223 1 1694 1971
./flow/1CM1_2_R_#223 2 1972 1995
./flow/1CM1_2_R_#223 1 1996 2049
./flow/1CM1_2_R_#223 2 2050 2193
./flow/1CM1_2_R_#223 1 2194 2217
./flow/1CM1_2_R_#223 2 2218 2254
./flow/1CM1_2_R_#223 1 2255 2301
./flow/1CM1_2_R_#223 2 2302 2483
./flow/1CM1_2_R_#223 1 2484 2506
./flow/1CM1_2_R_#223 2 2507 2557
./flow/1CM1_2_R_#223 1 2558 2652
./flow/1CM1_2_R_#223 2 2653 2832
./flow/1CM1_2_R_#223 1 2833 2876
./flow/1CM1_2_R_#223 2 2877 2924
./flow/1CM1_2_R_#223 1 2925 2978
./flow/1CM1_2_R_#223 2 2979 3164
./flow/1CM1_2_R_#223 1 3165 3368
./flow/1CM1_2_R_#223 2 3369 3421
./flow/1CM1_2_R_#223 1 3422 3489
./flow/1CM1_2_R_#223 2 3490 3699
./flow/1CM1_2_R_#223 1 3700 3826
./flow/1CM1_2_R_#223 2 3827 3875
./flow/1CM1_2_R_#223 1 3876 3988
./flow/1CM1_2_R_#224 1 1 34
./flow/1CM1_2_R_#224 2 35 87
./flow/1CM1_2_R_#224 1 88 130
./flow/1CM1_2_R_#224 2 131 265
./flow/1CM1_2_R_#224 1 266 273
./flow/1CM1_2_R_#224 2 274 343
./flow/1CM1_2_R_#224 1 344 376
./flow/1CM1_2_R_#224 2 377 520
./flow/1CM1_2_R_#224 1 521 565
./flow/1CM1_2_R_#224 2 566 600
./flow/1CM1_2_R_#224 1 601 683
./flow/1CM1_2_R_#224 2 684 828
./flow/1CM1_2_R_#224 1 829 872
./flow/1CM1_2_R_#224 2 873 930
./flow/1CM1_2_R_#224 1 931 991
./flow/1CM1_2_R_#224 2 992 1130
./flow/1CM1_2_R_#224 1 1131 1339
./flow/1CM1_2_R_#224 2 1340 1389
./flow/1CM1_2_R_#224 1 1390 1422
./flow/1CM1_2_R_#224 2 1423 1579
./flow/1CM1_2_R_#224 1 1580 1786
./flow/1CM1_2_R_#224 2 1787 1841
./flow/1CM1_2_R_#224 1 1842 1896
./flow/1CM1_2_R_#224 2 1897 2054
./flow/1CM1_2_R_#224 1 2055 2105
./flow/1CM1_2_R_#224 2 2106 2162
./flow/1CM1_2_R_#224 1 2163 2223
./flow/1CM1_2_R_#224 2 2224 2368
./flow/1CM1_2_R_#224 1 2369 2399
./flow/1CM1_2_R_#224 2 2400 2446
./flow/1CM1_2_R_#224 1 2447 2493
./flow/1CM1_2_R_#224 2 2494 2629
./flow/1CM1_2_R_#224 1 2630 2916
./flow/1CM1_2_R_#224 2 2917 2979
./flow/1CM1_2_R_#224 1 2980 3020
./flow/1CM1_2_R_#224 2 3021 3266
./flow/1CM1_2_R_#224 1 3267 3339
./flow/1CM1_2_R_#224 2 3340 3368
./flow/1CM1_2_R_#224 1 3369 3437
./flow/1CM1_2_R_#224 2 3438 3612
./flow/1CM1_2_R_#224 1 3613 3650
./flow/1CM1_2_R_#224 2 3651 3693
./flow/1CM1_2_R_#224 1 3694 3822
./flow/1CM1_3_R_#225 1 1 43
./flow/1CM1_3_R_#225 2 44 78
./flow/1CM1_3_R_#225 2 79 344
./flow/1CM1_3_R_#225 2 345 395
./flow/1CM1_3_R_#225 2 396 660
./flow/1CM1_3_R_#225 2 661 706
./flow/1CM1_3_R_#225 2 707 934
./flow/1CM1_3_R_#225 2 935 971
./flow/1CM1_3_R_#225 2 972 1289
./flow/1CM1_3_R_#225 2 1290 1338
./flow/1CM1_3_R_#225 2 1339 1635
./flow/1CM1_3_R_#225 1 1636 1926
./flow/1CM1_3_R_#225 2 1927 1988
./flow/1CM1_3_R_#225 2 1989 2245
./flow/1CM1_3_R_#225 1 2246 2470
./flow/1CM1_3_R_#225 2 2471 2510
./flow/1CM1_3_R_#225 2 2511 2881
./flow/1CM1_3_R_#225 2 2882 2930
./flow/1CM1_3_R_#225 2 2931 3266
./flow/1CM1_3_R_#225 2 3267 3314
./flow/1CM1_3_R_#225 2 3315 3593
./flow/1CM1_3_R_#225 1 3594 3857
./flow/1CM1_3_R_#225 2 3858 3902
./flow/1CM1_3_R_#225 2 3903 4136
./flow/1CM1_3_R_#225 2 4137 4229
./flow/1CM1_3_R_#225 1 4230 4260
./flow/1CM1_3_R_#226 1 1 56
./flow/1CM1_3_R_#226 2 57 85
./flow/1CM1_3_R_#226 2 86 351
./flow/1CM1_3_R_#226 2 352 394
./flow/1CM1_3_R_#226 2 395 683
./flow/1CM1_3_R_#226 2 684 720
./flow/1CM1_3_R_#226 2 721 1085
./flow/1CM1_3_R_#226 1 1086 1493
./flow/1CM1_3_R_#226 2 1494 1515
./flow/1CM1_3_R_#226 2 1516 1991
./flow/1CM1_3_R_#226 1 1992 2322
./flow/1CM1_3_R_#226 2 2323 2370
./flow/1CM1_3_R_#226 2 2371 2635
./flow/1CM1_3_R_#226 2 2636 2668
./flow/1CM1_3_R_#226 2 2669 3052
./flow/1CM1_3_R_#226 1 3053 3398
./flow/1CM1_3_R_#226 2 3399 3427
./flow/1CM1_3_R_#226 2 3428 3767
./flow/1CM1_3_R_#226 2 3768 3795
./flow/1CM1_3_R_#226 2 3796 4050
./flow/1CM1_3_R_#226 2 4051 4083
./flow/1CM1_3_R_#226 2 4084 4329
./flow/1CM1_3_R_#226 2 4330 4385
./flow/1CM1_3_R_#226 2 4386 4696
./flow/1CM1_3_R_#226 2 4697 4739
./flow/1CM1_3_R_#226 1 4740 4795
./flow/1CM1_3_R_#227 1 1 37
./flow/1CM1_3_R_#227 2 38 61
./flow/1CM1_3_R_#227 2 62 366
./flow/1CM1_3_R_#227 2 367 416
./flow/1CM1_3_R_#227 2 417 732
./flow/1CM1_3_R_#227 2 733 764
./flow/1CM1_3_R_#227 2 765 1112
./flow/1CM1_3_R_#227 2 1113 1153
./flow/1CM1_3_R_#227 2 1154 1506
./flow/1CM1_3_R_#227 1 1507 1873
./flow/1CM1_3_R_#227 2 1874 1909
./flow/1CM1_3_R_#227 2 1910 2413
./flow/1CM1_3_R_#227 1 2414 2652
./flow/1CM1_3_R_#227 2 2653 2694
./flow/1CM1_3_R_#227 2 2695 3010
./flow/1CM1_3_R_#227 2 3011 3055
./flow/1CM1_3_R_#227 2 3056 3351
./flow/1CM1_3_R_#227 1 3352 3681
./flow/1CM1_3_R_#227 2 3682 3700
./flow/1CM1_3_R_#227 2 3701 4353
./flow/1CM1_3_R_#227 2 4354 4386
./flow/1CM1_3_R_#227 2 4387 4651
./flow/1CM1_3_R_#227 2 4652 4686
./flow/1CM1_3_R_#227 2 4687 4984
./flow/1CM1_3_R_#227 2 4985 5009
./flow/1CM1_3_R_#227 1 5010 5038
./flow/1CM1_3_R_#228 1 1 53
./flow/1CM1_3_R_#228 2 54 88
./flow/1CM1_3_R_#228 2 89 361
./flow/1CM1_3_R_#228 2 362 388
./flow/1CM1_3_R_#228 2 389 622
./flow/1CM1_3_R_#228 2 623 650
./flow/1CM1_3_R_#228 2 651 935
./flow/1CM1_3_R_#228 2 936 962
./flow/1CM1_3_R_#228 2 963 1314
./flow/1CM1_3_R_#228 1 1315 1500
./flow/1CM1_3_R_#228 2 1501 1552
./flow/1CM1_3_R_#228 2 1553 1950
./flow/1CM1_3_R_#228 1 1951 2098
./flow/1CM1_3_R_#228 2 2099 2145
./flow/1CM1_3_R_#228 2 2146 2473
./flow/1CM1_3_R_#228 2 2474 2503
./flow/1CM1_3_R_#228 2 2504 2804
./flow/1CM1_3_R_#228 2 2805 2833
./flow/1CM1_3_R_#228 2 2834 3196
./flow/1CM1_3_R_#228 1 3197 3433
./flow/1CM1_3_R_#228 2 3434 3458
./flow/1CM1_3_R_#228 2 3459 3771
./flow/1CM1_3_R_#228 2 3772 3800
./flow/1CM1_3_R_#228 2 3801 4112
./flow/1CM1_3_R_#228 2 4113 4169
./flow/1CM1_3_R_#228 1 4170 4176
./flow/1CM42_15_R_#197 2 1 14
./flow/1CM42_15_R_#197 2 15 71
./flow/1CM42_15_R_#197 2 72 347
./flow/1CM42_15_R_#197 2 348 414
./flow/1CM42_15_R_#197 2 415 742
./flow/1CM42_15_R_#197 2 743 792
./flow/1CM42_15_R_#197 2 793 1060
./flow/1CM42_15_R_#197 2 1061 1083
./flow/1CM42_15_R_#197 2 1084 1337
./flow/1CM42_15_R_#197 2 1338 1401
./flow/1CM42_15_R_#197 2 1402 1620
./flow/1CM42_15_R_#197 2 1621 1670
./flow/1CM42_15_R_#197 2 1671 1953
./flow/1CM42_15_R_#197 1 1954 2250
./flow/1CM42_15_R_#197 2 2251 2281
./flow/1CM42_15_R_#197 2 2282 2662
./flow/1CM42_15_R_#197 2 2663 2697
./flow/1CM42_15_R_#197 2 2698 2959
./flow/1CM42_15_R_#197 1 2960 3198
./flow/1CM42_15_R_#197 2 3199 3259
./flow/1CM42_15_R_#197 2 3260 3540
./flow/1CM42_15_R_#197 1 3541 3711
./flow/1CM42_15_R_#197 2 3712 3743
./flow/1CM42_15_R_#197 2 3744 4009
./flow/1CM42_15_R_#197 2 4010 4032
./flow/1CM42_15_R_#197 1 4033 4124
./flow/1CM42_15_R_#198 2 1 15
./flow/1CM42_15_R_#198 2 16 62
./flow/1CM42_15_R_#198 2 63 360
./flow/1CM42_15_R_#198 2 361 406
./flow/1CM42_15_R_#198 2 407 822
./flow/1CM42_15_R_#198 2 823 852
./flow/1CM42_15_R_#198 2 853 1141
./flow/1CM42_15_R_#198 2 1142 1181
./flow/1CM42_15_R_#198 2 1182 1530
./flow/1CM42_15_R_#198 1 1531 1760
./flow/1CM42_15_R_#198 2 1761 1830
./flow/1CM42_15_R_#198 2 1831 2160
./flow/1CM42_15_R_#198 2 2161 2210
./flow/1CM42_15_R_#198 2 2211 2511
./flow/1CM42_15_R_#198 1 2512 2764
./flow/1CM42_15_R_#198 2 2765 2808
./flow/1CM42_15_R_#198 2 2809 3165
./flow/1CM42_15_R_#198 1 3166 3394
./flow/1CM42_15_R_#198 2 3395 3448
./flow/1CM42_15_R_#198 2 3449 3804
./flow/1CM42_15_R_#198 2 3805 3858
./flow/1CM42_15_R_#198 2 3859 4044
./flow/1CM42_15_R_#198 2 4045 4081
./flow/1CM42_15_R_#198 2 4082 4371
./flow/1CM42_15_R_#198 2 4372 4425
./flow/1CM42_15_R_#198 1 4426 4465
./flow/1CM42_15_R_#199 2 1 16
./flow/1CM42_15_R_#199 2 17 65
./flow/1CM42_15_R_#199 2 66 329
./flow/1CM42_15_R_#199 2 330 387
./flow/1CM42_15_R_#199 2 388 660
./flow/1CM42_15_R_#199 2 661 710
./flow/1CM42_15_R_#199 2 711 947
./flow/1CM42_15_R_#199 2 948 992
./flow/1CM42_15_R_#199 2 993 1292
./flow/1CM42_15_R_#199 1 1293 1534
./flow/1CM42_15_R_#199 2 1535 1597
./flow/1CM42_15_R_#199 2 1598 1941
./flow/1CM42_15_R_#199 1 1942 2239
./flow/1CM42_15_R_#199 2 2240 2308
./flow/1CM42_15_R_#199 2 2309 2602
./flow/1CM42_15_R_#199 2 2603 2641
./flow/1CM42_15_R_#199 2 2642 2887
./flow/1CM42_15_R_#199 2 2888 2929
./flow/1CM42_15_R_#199 2 2930 3162
./flow/1CM42_15_R_#199 1 3163 3558
./flow/1CM42_15_R_#199 2 3559 3597
./flow/1CM42_15_R_#199 2 3598 3884
./flow/1CM42_15_R_#199 2 3885 3910
./flow/1CM42_15_R_#199 2 3911 4161
./flow/1CM42_15_R_#199 2 4162 4219
./flow/1CM42_15_R_#199 1 4220 4243
./flow/1CM42_15_R_#200 2 1 11
./flow/1CM42_15_R_#200 2 12 60
./flow/1CM42_15_R_#200 2 61 400
./flow/1CM42_15_R_#200 2 401 451
./flow/1CM42_15_R_#200 2 452 780
./flow/1CM42_15_R_#200 2 781 828
./flow/1CM42_15_R_#200 2 829 1173
./flow/1CM42_15_R_#200 2 1174 1230
./flow/1CM42_15_R_#200 2 1231 1500
./flow/1CM42_15_R_#200 2 1501 1542
./flow/1CM42_15_R_#200 2 1543 1796
./flow/1CM42_15_R_#200 1 1797 2086
./flow/1CM42_15_R_#200 2 2087 2136
./flow/1CM42_15_R_#200 2 2137 2486
./flow/1CM42_15_R_#200 2 2487 2536
./flow/1CM42_15_R_#200 2 2537 2885
./flow/1CM42_15_R_#200 1 2886 3201
./flow/1CM42_15_R_#200 2 3202 3238
./flow/1CM42_15_R_#200 2 3239 3559
./flow/1CM42_15_R_#200 1 3560 3699
./flow/1CM42_15_R_#200 2 3700 3739
./flow/1CM42_15_R_#200 2 3740 4152
./flow/1CM42_15_R_#200 2 4153 4198
./flow/1CM42_15_R_#200 2 4199 4483
./flow/1CM42_15_R_#200 2 4484 4536
./flow/1CM42_15_R_#200 1 4537 4583
./flow/1CM42_30_R_#145 1 1 63
./flow/1CM42_30_R_#145 2 64 105
./flow/1CM42_30_R_#145 2 106 430
./flow/1CM42_30_R_#145 2 431 463
./flow/1CM42_30_R_#145 2 464 704
./flow/1CM42_30_R_#145 2 705 735
./flow/1CM42_30_R_#145 2 736 945
./flow/1CM42_30_R_#145 2 946 987
./flow/1CM42_30_R_#145 2 988 1248
./flow/1CM42_30_R_#145 1 1249 1509
./flow/1CM42_30_R_#145 2 1510 1534
./flow/1CM42_30_R_#145 2 1535 1796
./flow/1CM42_30_R_#145 1 1797 2092
./flow/1CM42_30_R_#145 2 2093 2125
./flow/1CM42_30_R_#145 2 2126 2397
./flow/1CM42_30_R_#145 2 2398 2450
./flow/1CM42_30_R_#145 2 2451 2694
./flow/1CM42_30_R_#145 2 2695 2735
./flow/1CM42_30_R_#145 2 2736 3074
./flow/1CM42_30_R_#145 2 3075 3120
./flow/1CM42_30_R_#145 2 3121 3277
./flow/1CM42_30_R_#145 1 3278 3511
./flow/1CM42_30_R_#145 2 3512 3538
./flow/1CM42_30_R_#145 2 3539 3677
./flow/1CM42_30_R_#145 2 3678 3714
./flow/1CM42_30_R_#145 1 3715 3760
./flow/1CM42_30_R_#146 1 1 37
./flow/1CM42_30_R_#146 2 38 104
./flow/1CM42_30_R_#146 2 105 408
./flow/1CM42_30_R_#146 2 409 451
./flow/1CM42_30_R_#146 2 452 812
./flow/1CM42_30_R_#146 2 813 870
./flow/1CM42_30_R_#146 2 871 1180
./flow/1CM42_30_R_#146 2 1181 1222
./flow/1CM42_30_R_#146 2 1223 1453
./flow/1CM42_30_R_#146 2 1454 1496
./flow/1CM42_30_R_#146 2 1497 1705
./flow/1CM42_30_R_#146 1 1706 2032
./flow/1CM42_30_R_#146 2 2033 2084
./flow/1CM42_30_R_#146 2 2085 2308
./flow/1CM42_30_R_#146 1 2309 2546
./flow/1CM42_30_R_#146 2 2547 2588
./flow/1CM42_30_R_#146 2 2589 2784
./flow/1CM42_30_R_#146 1 2785 3032
./flow/1CM42_30_R_#146 2 3033 3094
./flow/1CM42_30_R_#146 2 3095 3277
./flow/1CM42_30_R_#146 2 3278 3337
./flow/1CM42_30_R_#146 2 3338 3558
./flow/1CM42_30_R_#146 2 3559 3598
./flow/1CM42_30_R_#146 2 3599 3722
./flow/1CM42_30_R_#146 2 3723 3754
./flow/1CM42_30_R_#147 1 1 44
./flow/1CM42_30_R_#147 2 45 102
./flow/1CM42_30_R_#147 2 103 417
./flow/1CM42_30_R_#147 2 418 454
./flow/1CM42_30_R_#147 2 455 735
./flow/1CM42_30_R_#147 2 736 768
./flow/1CM42_30_R_#147 2 769 1045
./flow/1CM42_30_R_#147 2 1046 1078
./flow/1CM42_30_R_#147 2 1079 1258
./flow/1CM42_30_R_#147 1 1259 1444
./flow/1CM42_30_R_#147 2 1445 1503
./flow/1CM42_30_R_#147 2 1504 1646
./flow/1CM42_30_R_#147 1 1647 1850
./flow/1CM42_30_R_#147 2 1851 1901
./flow/1CM42_30_R_#147 2 1902 2239
./flow/1CM42_30_R_#147 2 2240 2285
./flow/1CM42_30_R_#147 2 2286 2540
./flow/1CM42_30_R_#147 2 2541 2578
./flow/1CM42_30_R_#147 2 2579 2850
./flow/1CM42_30_R_#147 1 2851 3053
./flow/1CM42_30_R_#147 2 3054 3101
./flow/1CM42_30_R_#147 2 3102 3334
./flow/1CM42_30_R_#147 2 3335 3382
./flow/1CM42_30_R_#147 2 3383 3636
./flow/1CM42_30_R_#147 2 3637 3691
./flow/1CM42_30_R_#148 1 1 41
./flow/1CM42_30_R_#148 2 42 96
./flow/1CM42_30_R_#148 2 97 351
./flow/1CM42_30_R_#148 2 352 385
./flow/1CM42_30_R_#148 2 386 618
./flow/1CM42_30_R_#148 2 619 644
./flow/1CM42_30_R_#148 2 645 925
./flow/1CM42_30_R_#148 2 926 965
./flow/1CM42_30_R_#148 2 966 1225
./flow/1CM42_30_R_#148 1 1226 1489
./flow/1CM42_30_R_#148 2 1490 1544
./flow/1CM42_30_R_#148 2 1545 1716
./flow/1CM42_30_R_#148 1 1717 1967
./flow/1CM42_30_R_#148 2 1968 2011
./flow/1CM42_30_R_#148 2 2012 2353
./flow/1CM42_30_R_#148 2 2354 2396
./flow/1CM42_30_R_#148 2 2397 2632
./flow/1CM42_30_R_#148 2 2633 2686
./flow/1CM42_30_R_#148 2 2687 2866
./flow/1CM42_30_R_#148 1 2867 3066
./flow/1CM42_30_R_#148 2 3067 3106
./flow/1CM42_30_R_#148 2 3107 3360
./flow/1CM42_30_R_#148 2 3361 3408
./flow/1CM42_30_R_#148 2 3409 3635
./flow/1CM42_30_R_#148 2 3636 3672
./flow/1CM42_31_R_#129 1 1 30
./flow/1CM42_31_R_#129 2 31 120
./flow/1CM42_31_R_#129 2 121 372
./flow/1CM42_31_R_#129 2 373 438
./flow/1CM42_31_R_#129 2 439 742
./flow/1CM42_31_R_#129 2 743 816
./flow/1CM42_31_R_#129 2 817 1077
./flow/1CM42_31_R_#129 2 1078 1116
./flow/1CM42_31_R_#129 2 1117 1396
./flow/1CM42_31_R_#129 2 1397 1452
./flow/1CM42_31_R_#129 2 1453 1757
./flow/1CM42_31_R_#129 2 1758 1813
./flow/1CM42_31_R_#129 2 1814 2044
./flow/1CM42_31_R_#129 1 2045 2258
./flow/1CM42_31_R_#129 2 2259 2367
./flow/1CM42_31_R_#129 2 2368 2587
./flow/1CM42_31_R_#129 1 2588 2782
./flow/1CM42_31_R_#129 2 2783 2840
./flow/1CM42_31_R_#129 2 2841 3067
./flow/1CM42_31_R_#129 1 3068 3270
./flow/1CM42_31_R_#129 2 3271 3352
./flow/1CM42_31_R_#129 2 3353 3676
./flow/1CM42_31_R_#129 2 3677 3729
./flow/1CM42_31_R_#129 2 3730 4001
./flow/1CM42_31_R_#129 2 4002 4019
./flow/1CM42_31_R_#129 1 4020 4043
./flow/1CM42_31_R_#130 1 1 58
./flow/1CM42_31_R_#130 2 59 154
./flow/1CM42_31_R_#130 2 155 427
./flow/1CM42_31_R_#130 2 428 539
./flow/1CM42_31_R_#130 2 540 793
./flow/1CM42_31_R_#130 2 794 842
./flow/1CM42_31_R_#130 2 843 1145
./flow/1CM42_31_R_#130 2 1146 1266
./flow/1CM42_31_R_#130 2 1267 1552
./flow/1CM42_31_R_#130 1 1553 2004
./flow/1CM42_31_R_#130 2 2005 2110
./flow/1CM42_31_R_#130 2 2111 2428
./flow/1CM42_31_R_#130 2 2429 2558
./flow/1CM42_31_R_#130 2 2559 2773
./flow/1CM42_31_R_#130 2 2774 2854
./flow/1CM42_31_R_#130 2 2855 3140
./flow/1CM42_31_R_#130 1 3141 3357
./flow/1CM42_31_R_#130 2 3358 3483
./flow/1CM42_31_R_#130 2 3484 3685
./flow/1CM42_31_R_#130 1 3686 3761
./flow/1CM42_31_R_#130 2 3762 3859
./flow/1CM42_31_R_#130 2 3860 4073
./flow/1CM42_31_R_#130 2 4074 4178
./flow/1CM42_31_R_#130 2 4179 4386
./flow/1CM42_31_R_#130 2 4387 4428
./flow/1CM42_31_R_#130 1 4429 4465
./flow/1CM42_31_R_#131 1 1 61
./flow/1CM42_31_R_#131 2 62 159
./flow/1CM42_31_R_#131 2 160 361
./flow/1CM42_31_R_#131 2 362 464
./flow/1CM42_31_R_#131 2 465 690
./flow/1CM42_31_R_#131 2 691 736
./flow/1CM42_31_R_#131 2 737 972
./flow/1CM42_31_R_#131 2 973 1081
./flow/1CM42_31_R_#131 2 1082 1342
./flow/1CM42_31_R_#131 1 1343 1649
./flow/1CM42_31_R_#131 2 1650 1715
./flow/1CM42_31_R_#131 2 1716 1983
./flow/1CM42_31_R_#131 2 1984 2091
./flow/1CM42_31_R_#131 2 2092 2362
./flow/1CM42_31_R_#131 1 2363 2794
./flow/1CM42_31_R_#131 2 2795 2901
./flow/1CM42_31_R_#131 2 2902 3191
./flow/1CM42_31_R_#131 2 3192 3270
./flow/1CM42_31_R_#131 2 3271 3467
./flow/1CM42_31_R_#131 2 3468 3530
./flow/1CM42_31_R_#131 2 3531 3744
./flow/1CM42_31_R_#131 1 3745 3840
./flow/1CM42_31_R_#131 2 3841 3949
./flow/1CM42_31_R_#131 2 3950 4155
./flow/1CM42_31_R_#131 2 4156 4218
./flow/1CM42_31_R_#131 1 4219 4226
./flow/1CM42_31_R_#132 1 1 81
./flow/1CM42_31_R_#132 2 82 151
./flow/1CM42_31_R_#132 2 152 374
./flow/1CM42_31_R_#132 2 375 475
./flow/1CM42_31_R_#132 2 476 727
./flow/1CM42_31_R_#132 2 728 837
./flow/1CM42_31_R_#132 2 838 1080
./flow/1CM42_31_R_#132 2 1081 1167
./flow/1CM42_31_R_#132 2 1168 1442
./flow/1CM42_31_R_#132 2 1443 1488
./flow/1CM42_31_R_#132 2 1489 1842
./flow/1CM42_31_R_#132 1 1843 2500
./flow/1CM42_31_R_#132 2 2501 2559
./flow/1CM42_31_R_#132 2 2560 2839
./flow/1CM42_31_R_#132 2 2840 2941
./flow/1CM42_31_R_#132 2 2942 3157
./flow/1CM42_31_R_#132 1 3158 3379
./flow/1CM42_31_R_#132 2 3380 3476
./flow/1CM42_31_R_#132 2 3477 3665
./flow/1CM42_31_R_#132 1 3666 3753
./flow/1CM42_31_R_#132 2 3754 3853
./flow/1CM42_31_R_#132 2 3854 4048
./flow/1CM42_31_R_#132 2 4049 4139
./flow/1CM42_31_R_#132 2 4140 4342
./flow/1CM42_31_R_#132 2 4343 4385
./flow/1CM42_31_R_#132 1 4386 4412
./flow/1CV12_12_R_#89 1 1 90
./flow/1CV12_12_R_#89 2 91 182
./flow/1CV12_12_R_#89 2 183 419
./flow/1CV12_12_R_#89 2 420 507
./flow/1CV12_12_R_#89 2 508 727
./flow/1CV12_12_R_#89 2 728 783
./flow/1CV12_12_R_#89 2 784 1025
./flow/1CV12_12_R_#89 2 1026 1120
./flow/1CV12_12_R_#89 2 1121 1313
./flow/1CV12_12_R_#89 2 1314 1402
./flow/1CV12_12_R_#89 2 1403 1626
./flow/1CV12_12_R_#89 1 1627 2040
./flow/1CV12_12_R_#89 2 2041 2122
./flow/1CV12_12_R_#89 2 2123 2349
./flow/1CV12_12_R_#89 2 2350 2400
./flow/1CV12_12_R_#89 2 2401 2660
./flow/1CV12_12_R_#89 2 2661 2767
./flow/1CV12_12_R_#89 2 2768 3002
./flow/1CV12_12_R_#89 1 3003 3372
./flow/1CV12_12_R_#89 2 3373 3463
./flow/1CV12_12_R_#89 2 3464 3682
./flow/1CV12_12_R_#89 1 3683 3977
./flow/1CV12_12_R_#89 2 3978 4065
./flow/1CV12_12_R_#89 2 4066 4278
./flow/1CV12_12_R_#89 2 4279 4369
./flow/1CV12_12_R_#89 1 4370 4395
./flow/1CV12_12_R_#90 1 1 112
./flow/1CV12_12_R_#90 2 113 200
./flow/1CV12_12_R_#90 2 201 459
./flow/1CV12_12_R_#90 2 460 554
./flow/1CV12_12_R_#90 2 555 828
./flow/1CV12_12_R_#90 2 829 930
./flow/1CV12_12_R_#90 2 931 1152
./flow/1CV12_12_R_#90 1 1153 1416
./flow/1CV12_12_R_#90 2 1417 1531
./flow/1CV12_12_R_#90 2 1532 1813
./flow/1CV12_12_R_#90 2 1814 1920
./flow/1CV12_12_R_#90 2 1921 2174
./flow/1CV12_12_R_#90 2 2175 2279
./flow/1CV12_12_R_#90 2 2280 2534
./flow/1CV12_12_R_#90 2 2535 2682
./flow/1CV12_12_R_#90 2 2683 2965
./flow/1CV12_12_R_#90 1 2966 3327
./flow/1CV12_12_R_#90 2 3328 3423
./flow/1CV12_12_R_#90 2 3424 3683
./flow/1CV12_12_R_#90 1 3684 3948
./flow/1CV12_12_R_#90 2 3949 4051
./flow/1CV12_12_R_#90 2 4052 4289
./flow/1CV12_12_R_#90 2 4290 4387
./flow/1CV12_12_R_#90 2 4388 4628
./flow/1CV12_12_R_#90 2 4629 4697
./flow/1CV12_12_R_#90 1 4698 4723
./flow/1CV12_12_R_#91 1 1 72
./flow/1CV12_12_R_#91 2 73 165
./flow/1CV12_12_R_#91 2 166 407
./flow/1CV12_12_R_#91 2 408 498
./flow/1CV12_12_R_#91 2 499 748
./flow/1CV12_12_R_#91 2 749 844
./flow/1CV12_12_R_#91 2 845 1084
./flow/1CV12_12_R_#91 2 1085 1181
./flow/1CV12_12_R_#91 2 1182 1385
./flow/1CV12_12_R_#91 2 1386 1486
./flow/1CV12_12_R_#91 2 1487 1670
./flow/1CV12_12_R_#91 1 1671 2196
./flow/1CV12_12_R_#91 2 2197 2283
./flow/1CV12_12_R_#91 2 2284 2493
./flow/1CV12_12_R_#91 1 2494 2840
./flow/1CV12_12_R_#91 2 2841 2934
./flow/1CV12_12_R_#91 2 2935 3157
./flow/1CV12_12_R_#91 2 3158 3237
./flow/1CV12_12_R_#91 2 3238 3475
./flow/1CV12_12_R_#91 2 3476 3546
./flow/1CV12_12_R_#91 2 3547 3757
./flow/1CV12_12_R_#91 1 3758 4118
./flow/1CV12_12_R_#91 2 4119 4230
./flow/1CV12_12_R_#91 2 4231 4386
./flow/1CV12_12_R_#91 2 4387 4437
./flow/1CV12_12_R_#91 1 4438 4465
./flow/1CV12_12_R_#92 1 1 134
./flow/1CV12_12_R_#92 2 135 248
./flow/1CV12_12_R_#92 2 249 477
./flow/1CV12_12_R_#92 2 478 583
./flow/1CV12_12_R_#92 2 584 854
./flow/1CV12_12_R_#92 2 855 967
./flow/1CV12_12_R_#92 2 968 1187
./flow/1CV12_12_R_#92 1 1188 1541
./flow/1CV12_12_R_#92 2 1542 1662
./flow/1CV12_12_R_#92 2 1663 1886
./flow/1CV12_12_R_#92 1 1887 2314
./flow/1CV12_12_R_#92 2 2315 2411
./flow/1CV12_12_R_#92 2 2412 2637
./flow/1CV12_12_R_#92 2 2638 2746
./flow/1CV12_12_R_#92 2 2747 3013
./flow/1CV12_12_R_#92 1 3014 3396
./flow/1CV12_12_R_#92 2 3397 3539
./flow/1CV12_12_R_#92 2 3540 3784
./flow/1CV12_12_R_#92 2 3785 3897
./flow/1CV12_12_R_#92 2 3898 4102
./flow/1CV12_12_R_#92 2 4103 4206
./flow/1CV12_12_R_#92 2 4207 4425
./flow/1CV12_12_R_#92 2 4426 4518
./flow/1CV12_12_R_#92 2 4519 4672
./flow/1CV12_12_R_#92 2 4673 4719
./flow/1CV12_12_R_#92 1 4720 4772
./flow/1CV12_15_R_#101 1 1 28
./flow/1CV12_15_R_#101 2 29 126
./flow/1CV12_15_R_#101 2 127 282
./flow/1CV12_15_R_#101 2 283 382
./flow/1CV12_15_R_#101 2 383 603
./flow/1CV12_15_R_#101 2 604 696
./flow/1CV12_15_R_#101 2 697 885
./flow/1CV12_15_R_#101 2 886 971
./flow/1CV12_15_R_#101 2 972 1176
./flow/1CV12_15_R_#101 2 1177 1285
./flow/1CV12_15_R_#101 2 1286 1469
./flow/1CV12_15_R_#101 2 1470 1593
./flow/1CV12_15_R_#101 2 1594 1763
./flow/1CV12_15_R_#101 1 1764 1910
./flow/1CV12_15_R_#101 2 1911 2008
./flow/1CV12_15_R_#101 2 2009 2191
./flow/1CV12_15_R_#101 1 2192 2330
./flow/1CV12_15_R_#101 2 2331 2432
./flow/1CV12_15_R_#101 2 2433 2635
./flow/1CV12_15_R_#101 2 2636 2768
./flow/1CV12_15_R_#101 2 2769 2960
./flow/1CV12_15_R_#101 1 2961 3117
./flow/1CV12_15_R_#101 2 3118 3230
./flow/1CV12_15_R_#101 2 3231 3461
./flow/1CV12_15_R_#101 1 3462 3522
./flow/1CV12_15_R_#101 2 3523 3571
./flow/1CV12_15_R_#101 1 3572 3623
./flow/1CV12_15_R_#102 1 1 23
./flow/1CV12_15_R_#102 2 24 107
./flow/1CV12_15_R_#102 2 108 281
./flow/1CV12_15_R_#102 2 282 375
./flow/1CV12_15_R_#102 2 376 583
./flow/1CV12_15_R_#102 2 584 679
./flow/1CV12_15_R_#102 2 680 913
./flow/1CV12_15_R_#102 2 914 1023
./flow/1CV12_15_R_#102 2 1024 1231
./flow/1CV12_15_R_#102 2 1232 1310
./flow/1CV12_15_R_#102 2 1311 1470
./flow/1CV12_15_R_#102 1 1471 1553
./flow/1CV12_15_R_#102 2 1554 1687
./flow/1CV12_15_R_#102 2 1688 1884
./flow/1CV12_15_R_#102 2 1885 2003
./flow/1CV12_15_R_#102 2 2004 2177
./flow/1CV12_15_R_#102 1 2178 2337
./flow/1CV12_15_R_#102 2 2338 2462
./flow/1CV12_15_R_#102 2 2463 2643
./flow/1CV12_15_R_#102 1 2644 2822
./flow/1CV12_15_R_#102 2 2823 2923
./flow/1CV12_15_R_#102 2 2924 3174
./flow/1CV12_15_R_#102 2 3175 3307
./flow/1CV12_15_R_#102 2 3308 3539
./flow/1CV12_15_R_#102 2 3540 3666
./flow/1CV12_15_R_#102 1 3667 3743
./flow/1CV12_15_R_#103 1 1 40
./flow/1CV12_15_R_#103 2 41 124
./flow/1CV12_15_R_#103 2 125 301
./flow/1CV12_15_R_#103 2 302 395
./flow/1CV12_15_R_#103 2 396 624
./flow/1CV12_15_R_#103 2 625 738
./flow/1CV12_15_R_#103 2 739 945
./flow/1CV12_15_R_#103 2 946 1050
./flow/1CV12_15_R_#103 2 1051 1252
./flow/1CV12_15_R_#103 2 1253 1365
./flow/1CV12_15_R_#103 2 1366 1549
./flow/1CV12_15_R_#103 1 1550 1656
./flow/1CV12_15_R_#103 2 1657 1767
./flow/1CV12_15_R_#103 2 1768 1971
./flow/1CV12_15_R_#103 2 1972 2061
./flow/1CV12_15_R_#103 2 2062 2270
./flow/1CV12_15_R_#103 1 2271 2386
./flow/1CV12_15_R_#103 2 2387 2481
./flow/1CV12_15_R_#103 2 2482 2669
./flow/1CV12_15_R_#103 1 2670 2806
./flow/1CV12_15_R_#103 2 2807 2928
./flow/1CV12_15_R_#103 2 2929 3193
./flow/1CV12_15_R_#103 2 3194 3304
./flow/1CV12_15_R_#103 2 3305 3523
./flow/1CV12_15_R_#103 2 3524 3587
./flow/1CV12_15_R_#103 1 3588 3634
./flow/1CV12_15_R_#104 1 1 33
./flow/1CV12_15_R_#104 2 34 139
./flow/1CV12_15_R_#104 2 140 355
./flow/1CV12_15_R_#104 2 356 448
./flow/1CV12_15_R_#104 2 449 701
./flow/1CV12_15_R_#104 2 702 789
./flow/1CV12_15_R_#104 2 790 1013
./flow/1CV12_15_R_#104 2 1014 1131
./flow/1CV12_15_R_#104 2 1132 1341
./flow/1CV12_15_R_#104 1 1342 1554
./flow/1CV12_15_R_#104 2 1555 1655
./flow/1CV12_15_R_#104 2 1656 1897
./flow/1CV12_15_R_#104 1 1898 2028
./flow/1CV12_15_R_#104 2 2029 2139
./flow/1CV12_15_R_#104 2 2140 2363
./flow/1CV12_15_R_#104 2 2364 2460
./flow/1CV12_15_R_#104 2 2461 2696
./flow/1CV12_15_R_#104 1 2697 2821
./flow/1CV12_15_R_#104 2 2822 2927
./flow/1CV12_15_R_#104 2 2928 3185
./flow/1CV12_15_R_#104 2 3186 3313
./flow/1CV12_15_R_#104 2 3314 3589
./flow/1CV12_15_R_#104 2 3590 3666
./flow/1CV12_15_R_#104 2 3667 3897
./flow/1CV12_15_R_#104 2 3898 3963
./flow/1CV12_15_R_#104 1 3964 4047
./flow/1CV12_21_R_#109 1 1 104
./flow/1CV12_21_R_#109 2 105 211
./flow/1CV12_21_R_#109 2 212 469
./flow/1CV12_21_R_#109 2 470 568
./flow/1CV12_21_R_#109 2 569 825
./flow/1CV12_21_R_#109 2 826 957
./flow/1CV12_21_R_#109 2 958 1208
./flow/1CV12_21_R_#109 2 1209 1318
./flow/1CV12_21_R_#109 2 1319 1563
./flow/1CV12_21_R_#109 2 1564 1695
./flow/1CV12_21_R_#109 2 1696 1925
./flow/1CV12_21_R_#109 1 1926 2365
./flow/1CV12_21_R_#109 2 2366 2504
./flow/1CV12_21_R_#109 2 2505 2763
./flow/1CV12_21_R_#109 2 2764 2871
./flow/1CV12_21_R_#109 2 2872 3116
./flow/1CV12_21_R_#109 1 3117 3425
./flow/1CV12_21_R_#109 2 3426 3526
./flow/1CV12_21_R_#109 2 3527 3748
./flow/1CV12_21_R_#109 1 3749 4006
./flow/1CV12_21_R_#109 2 4007 4100
./flow/1CV12_21_R_#109 2 4101 4367
./flow/1CV12_21_R_#109 2 4368 4466
./flow/1CV12_21_R_#109 2 4467 4705
./flow/1CV12_21_R_#109 2 4706 4755
./flow/1CV12_21_R_#109 1 4756 4776
./flow/1CV12_21_R_#110 1 1 56
./flow/1CV12_21_R_#110 2 57 130
./flow/1CV12_21_R_#110 2 131 400
./flow/1CV12_21_R_#110 2 401 492
./flow/1CV12_21_R_#110 2 493 765
./flow/1CV12_21_R_#110 2 766 838
./flow/1CV12_21_R_#110 2 839 1080
./flow/1CV12_21_R_#110 2 1081 1160
./flow/1CV12_21_R_#110 2 1161 1435
./flow/1CV12_21_R_#110 1 1436 1743
./flow/1CV12_21_R_#110 2 1744 1811
./flow/1CV12_21_R_#110 2 1812 2036
./flow/1CV12_21_R_#110 1 2037 2355
./flow/1CV12_21_R_#110 2 2356 2438
./flow/1CV12_21_R_#110 2 2439 2687
./flow/1CV12_21_R_#110 2 2688 2781
./flow/1CV12_21_R_#110 2 2782 3036
./flow/1CV12_21_R_#110 1 3037 3397
./flow/1CV12_21_R_#110 2 3398 3469
./flow/1CV12_21_R_#110 2 3470 3774
./flow/1CV12_21_R_#110 2 3775 3847
./flow/1CV12_21_R_#110 2 3848 4122
./flow/1CV12_21_R_#110 2 4123 4202
./flow/1CV12_21_R_#110 2 4203 4438
./flow/1CV12_21_R_#110 2 4439 4491
./flow/1CV12_21_R_#111 1 1 80
./flow/1CV12_21_R_#111 2 81 196
./flow/1CV12_21_R_#111 2 197 495
./flow/1CV12_21_R_#111 2 496 615
./flow/1CV12_21_R_#111 2 616 846
./flow/1CV12_21_R_#111 2 847 959
./flow/1CV12_21_R_#111 2 960 1209
./flow/1CV12_21_R_#111 2 1210 1320
./flow/1CV12_21_R_#111 2 1321 1603
./flow/1CV12_21_R_#111 2 1604 1710
./flow/1CV12_21_R_#111 2 1711 1985
./flow/1CV12_21_R_#111 2 1986 2073
./flow/1CV12_21_R_#111 2 2074 2308
./flow/1CV12_21_R_#111 1 2309 2649
./flow/1CV12_21_R_#111 2 2650 2763
./flow/1CV12_21_R_#111 2 2764 3058
./flow/1CV12_21_R_#111 2 3059 3184
./flow/1CV12_21_R_#111 2 3185 3404
./flow/1CV12_21_R_#111 1 3405 3702
./flow/1CV12_21_R_#111 2 3703 3816
./flow/1CV12_21_R_#111 2 3817 4062
./flow/1CV12_21_R_#111 1 4063 4268
./flow/1CV12_21_R_#111 2 4269 4370
./flow/1CV12_21_R_#111 2 4371 4604
./flow/1CV12_21_R_#111 2 4605 4684
./flow/1CV12_21_R_#112 1 1 115
./flow/1CV12_21_R_#112 2 116 216
./flow/1CV12_21_R_#112 2 217 462
./flow/1CV12_21_R_#112 2 463 559
./flow/1CV12_21_R_#112 2 560 847
./flow/1CV12_21_R_#112 2 848 957
./flow/1CV12_21_R_#112 2 958 1220
./flow/1CV12_21_R_#112 1 1221 1582
./flow/1CV12_21_R_#112 2 1583 1688
./flow/1CV12_21_R_#112 2 1689 1953
./flow/1CV12_21_R_#112 1 1954 2251
./flow/1CV12_21_R_#112 2 2252 2342
./flow/1CV12_21_R_#112 2 2343 2620
./flow/1CV12_21_R_#112 2 2621 2718
./flow/1CV12_21_R_#112 2 2719 3040
./flow/1CV12_21_R_#112 2 3041 3162
./flow/1CV12_21_R_#112 2 3163 3414
./flow/1CV12_21_R_#112 1 3415 3670
./flow/1CV12_21_R_#112 2 3671 3791
./flow/1CV12_21_R_#112 2 3792 4043
./flow/1CV12_21_R_#112 2 4044 4161
./flow/1CV12_21_R_#112 2 4162 4391
./flow/1CV12_21_R_#112 2 4392 4507
./flow/1CV12_21_R_#112 2 4508 4763
./flow/1CV12_21_R_#112 2 4764 4826
./flow/1CV12_21_R_#112 2 4827 4853
./flow/4CM11_13_R_#29 1 1 31
./flow/4CM11_13_R_#29 2 32 99
./flow/4CM11_13_R_#29 1 100 142
./flow/4CM11_13_R_#29 2 143 334
./flow/4CM11_13_R_#29 2 335 395
./flow/4CM11_13_R_#29 1 396 434
./flow/4CM11_13_R_#29 2 435 622
./flow/4CM11_13_R_#29 2 623 687
./flow/4CM11_13_R_#29 1 688 732
./flow/4CM11_13_R_#29 2 733 920
./flow/4CM11_13_R_#29 1 921 948
./flow/4CM11_13_R_#29 2 949 1020
./flow/4CM11_13_R_#29 1 1021 1083
./flow/4CM11_13_R_#29 2 1084 1253
./flow/4CM11_13_R_#29 1 1254 1284
./flow/4CM11_13_R_#29 2 1285 1348
./flow/4CM11_13_R_#29 1 1349 1415
./flow/4CM11_13_R_#29 2 1416 1603
./flow/4CM11_13_R_#29 1 1604 1627
./flow/4CM11_13_R_#29 2 1628 1698
./flow/4CM11_13_R_#29 1 1699 1730
./flow/4CM11_13_R_#29 2 1731 1921
./flow/4CM11_13_R_#29 1 1922 1937
./flow/4CM11_13_R_#29 2 1938 1980
./flow/4CM11_13_R_#29 1 1981 2041
./flow/4CM11_13_R_#29 2 2042 2194
./flow/4CM11_13_R_#29 1 2195 2457
./flow/4CM11_13_R_#29 2 2458 2512
./flow/4CM11_13_R_#29 1 2513 2590
./flow/4CM11_13_R_#29 2 2591 2781
./flow/4CM11_13_R_#29 1 2782 2908
./flow/4CM11_13_R_#29 2 2909 2961
./flow/4CM11_13_R_#29 1 2962 3025
./flow/4CM11_13_R_#29 2 3026 3198
./flow/4CM11_13_R_#29 1 3199 3383
./flow/4CM11_13_R_#29 2 3384 3435
./flow/4CM11_13_R_#29 1 3436 3482
./flow/4CM11_13_R_#29 2 3483 3678
./flow/4CM11_13_R_#29 2 3679 3742
./flow/4CM11_13_R_#29 1 3743 3841
./flow/4CM11_13_R_#30 1 1 17
./flow/4CM11_13_R_#30 2 18 80
./flow/4CM11_13_R_#30 1 81 149
./flow/4CM11_13_R_#30 2 150 333
./flow/4CM11_13_R_#30 1 334 353
./flow/4CM11_13_R_#30 2 354 401
./flow/4CM11_13_R_#30 1 402 467
./flow/4CM11_13_R_#30 2 468 647
./flow/4CM11_13_R_#30 1 648 660
./flow/4CM11_13_R_#30 2 661 718
./flow/4CM11_13_R_#30 1 719 763
./flow/4CM11_13_R_#30 2 764 971
./flow/4CM11_13_R_#30 1 972 1124
./flow/4CM11_13_R_#30 2 1125 1177
./flow/4CM11_13_R_#30 1 1178 1231
./flow/4CM11_13_R_#30 2 1232 1436
./flow/4CM11_13_R_#30 1 1437 1461
./flow/4CM11_13_R_#30 2 1462 1545
./flow/4CM11_13_R_#30 1 1546 1596
./flow/4CM11_13_R_#30 2 1597 1772
./flow/4CM11_13_R_#30 1 1773 1782
./flow/4CM11_13_R_#30 2 1783 1839
./flow/4CM11_13_R_#30 1 1840 1887
./flow/4CM11_13_R_#30 2 1888 2097
./flow/4CM11_13_R_#30 1 2098 2290
./flow/4CM11_13_R_#30 2 2291 2359
./flow/4CM11_13_R_#30 1 2360 2432
./flow/4CM11_13_R_#30 2 2433 2642
./flow/4CM11_13_R_#30 1 2643 2844
./flow/4CM11_13_R_#30 2 2845 2904
./flow/4CM11_13_R_#30 1 2905 2968
./flow/4CM11_13_R_#30 2 2969 3177
./flow/4CM11_13_R_#30 1 3178 3200
./flow/4CM11_13_R_#30 2 3201 3273
./flow/4CM11_13_R_#30 1 3274 3333
./flow/4CM11_13_R_#30 2 3334 3530
./flow/4CM11_13_R_#30 1 3531 3553
./flow/4CM11_13_R_#30 2 3554 3605
./flow/4CM11_13_R_#30 1 3606 3648
./flow/4CM11_13_R_#30 2 3649 3808
./flow/4CM11_13_R_#30 1 3809 3840
./flow/4CM11_13_R_#30 2 3841 3903
./flow/4CM11_13_R_#30 1 3904 3953
./flow/4CM11_13_R_#31 1 1 25
./flow/4CM11_13_R_#31 2 26 78
./flow/4CM11_13_R_#31 1 79 123
./flow/4CM11_13_R_#31 2 124 294
./flow/4CM11_13_R_#31 1 295 314
./flow/4CM11_13_R_#31 2 315 374
./flow/4CM11_13_R_#31 1 375 420
./flow/4CM11_13_R_#31 2 421 586
./flow/4CM11_13_R_#31 1 587 621
./flow/4CM11_13_R_#31 2 622 684
./flow/4CM11_13_R_#31 1 685 748
./flow/4CM11_13_R_#31 2 749 908
./flow/4CM11_13_R_#31 1 909 962
./flow/4CM11_13_R_#31 2 963 1039
./flow/4CM11_13_R_#31 1 1040 1112
./flow/4CM11_13_R_#31 2 1113 1281
./flow/4CM11_13_R_#31 1 1282 1513
./flow/4CM11_13_R_#31 2 1514 1568
./flow/4CM11_13_R_#31 1 1569 1621
./flow/4CM11_13_R_#31 2 1622 1799
./flow/4CM11_13_R_#31 1 1800 2017
./flow/4CM11_13_R_#31 2 2018 2088
./flow/4CM11_13_R_#31 1 2089 2173
./flow/4CM11_13_R_#31 2 2174 2351
./flow/4CM11_13_R_#31 1 2352 2394
./flow/4CM11_13_R_#31 2 2395 2458
./flow/4CM11_13_R_#31 1 2459 2510
./flow/4CM11_13_R_#31 2 2511 2678
./flow/4CM11_13_R_#31 1 2679 2729
./flow/4CM11_13_R_#31 2 2730 2784
./flow/4CM11_13_R_#31 1 2785 2828
./flow/4CM11_13_R_#31 2 2829 3013
./flow/4CM11_13_R_#31 1 3014 3168
./flow/4CM11_13_R_#31 2 3169 3236
./flow/4CM11_13_R_#31 1 3237 3328
./flow/4CM11_13_R_#31 2 3329 3509
./flow/4CM11_13_R_#31 2 3510 3572
./flow/4CM11_13_R_#31 1 3573 3640
./flow/4CM11_13_R_#31 2 3641 3798
./flow/4CM11_13_R_#31 1 3799 3813
./flow/4CM11_13_R_#31 2 3814 3864
./flow/4CM11_13_R_#31 1 3865 3945
./flow/4CM11_13_R_#32 1 1 23
./flow/4CM11_13_R_#32 2 24 92
./flow/4CM11_13_R_#32 1 93 136
./flow/4CM11_13_R_#32 2 137 347
./flow/4CM11_13_R_#32 1 348 374
./flow/4CM11_13_R_#32 2 375 423
./flow/4CM11_13_R_#32 1 424 477
./flow/4CM11_13_R_#32 2 478 653
./flow/4CM11_13_R_#32 1 654 679
./flow/4CM11_13_R_#32 2 680 732
./flow/4CM11_13_R_#32 1 733 791
./flow/4CM11_13_R_#32 2 792 972
./flow/4CM11_13_R_#32 1 973 1158
./flow/4CM11_13_R_#32 2 1159 1229
./flow/4CM11_13_R_#32 1 1230 1305
./flow/4CM11_13_R_#32 2 1306 1490
./flow/4CM11_13_R_#32 1 1491 1531
./flow/4CM11_13_R_#32 2 1532 1573
./flow/4CM11_13_R_#32 1 1574 1635
./flow/4CM11_13_R_#32 2 1636 1800
./flow/4CM11_13_R_#32 1 1801 1811
./flow/4CM11_13_R_#32 2 1812 1877
./flow/4CM11_13_R_#32 1 1878 1926
./flow/4CM11_13_R_#32 2 1927 2130
./flow/4CM11_13_R_#32 1 2131 2302
./flow/4CM11_13_R_#32 2 2303 2374
./flow/4CM11_13_R_#32 1 2375 2430
./flow/4CM11_13_R_#32 2 2431 2597
./flow/4CM11_13_R_#32 1 2598 2750
./flow/4CM11_13_R_#32 2 2751 2817
./flow/4CM11_13_R_#32 1 2818 2871
./flow/4CM11_13_R_#32 2 2872 3045
./flow/4CM11_13_R_#32 1 3046 3086
./flow/4CM11_13_R_#32 2 3087 3154
./flow/4CM11_13_R_#32 1 3155 3225
./flow/4CM11_13_R_#32 2 3226 3403
./flow/4CM11_13_R_#32 1 3404 3474
./flow/4CM11_13_R_#32 2 3475 3551
./flow/4CM11_13_R_#32 1 3552 3608
./flow/4CM11_13_R_#32 2 3609 3791
./flow/4CM11_13_R_#32 1 3792 3806
./flow/4CM11_13_R_#32 2 3807 3846
./flow/4CM11_13_R_#32 1 3847 3881
./flow/4CM11_18_R_#45 1 1 34
./flow/4CM11_18_R_#45 2 35 79
./flow/4CM11_18_R_#45 2 80 362
./flow/4CM11_18_R_#45 2 363 420
./flow/4CM11_18_R_#45 2 421 727
./flow/4CM11_18_R_#45 2 728 771
./flow/4CM11_18_R_#45 2 772 964
./flow/4CM11_18_R_#45 2 965 1018
./flow/4CM11_18_R_#45 2 1019 1181
./flow/4CM11_18_R_#45 2 1182 1257
./flow/4CM11_18_R_#45 2 1258 1452
./flow/4CM11_18_R_#45 1 1453 1763
./flow/4CM11_18_R_#45 2 1764 1835
./flow/4CM11_18_R_#45 2 1836 2014
./flow/4CM11_18_R_#45 2 2015 2074
./flow/4CM11_18_R_#45 2 2075 2371
./flow/4CM11_18_R_#45 2 2372 2423
./flow/4CM11_18_R_#45 2 2424 2660
./flow/4CM11_18_R_#45 1 2661 2892
./flow/4CM11_18_R_#45 2 2893 2943
./flow/4CM11_18_R_#45 2 2944 3236
./flow/4CM11_18_R_#45 1 3237 3306
./flow/4CM11_18_R_#45 2 3307 3350
./flow/4CM11_18_R_#45 2 3351 3595
./flow/4CM11_18_R_#45 2 3596 3640
./flow/4CM11_18_R_#45 1 3641 3664
./flow/4CM11_18_R_#46 1 1 29
./flow/4CM11_18_R_#46 2 30 73
./flow/4CM11_18_R_#46 2 74 286
./flow/4CM11_18_R_#46 2 287 343
./flow/4CM11_18_R_#46 2 344 607
./flow/4CM11_18_R_#46 2 608 660
./flow/4CM11_18_R_#46 2 661 824
./flow/4CM11_18_R_#46 2 825 904
./flow/4CM11_18_R_#46 2 905 1187
./flow/4CM11_18_R_#46 1 1188 1336
./flow/4CM11_18_R_#46 2 1337 1390
./flow/4CM11_18_R_#46 2 1391 1781
./flow/4CM11_18_R_#46 2 1782 1893
./flow/4CM11_18_R_#46 2 1894 2181
./flow/4CM11_18_R_#46 2 2182 2241
./flow/4CM11_18_R_#46 2 2242 2476
./flow/4CM11_18_R_#46 1 2477 2765
./flow/4CM11_18_R_#46 2 2766 2803
./flow/4CM11_18_R_#46 2 2804 2950
./flow/4CM11_18_R_#46 1 2951 3136
./flow/4CM11_18_R_#46 2 3137 3231
./flow/4CM11_18_R_#46 2 3232 3417
./flow/4CM11_18_R_#46 2 3418 3491
./flow/4CM11_18_R_#46 2 3492 3674
./flow/4CM11_18_R_#46 2 3675 3719
./flow/4CM11_18_R_#46 1 3720 3739
./flow/4CM11_18_R_#47 1 1 17
./flow/4CM11_18_R_#47 2 18 92
./flow/4CM11_18_R_#47 2 93 255
./flow/4CM11_18_R_#47 2 256 309
./flow/4CM11_18_R_#47 2 310 482
./flow/4CM11_18_R_#47 2 483 535
./flow/4CM11_18_R_#47 2 536 727
./flow/4CM11_18_R_#47 2 728 797
./flow/4CM11_18_R_#47 2 798 1050
./flow/4CM11_18_R_#47 1 1051 1241
./flow/4CM11_18_R_#47 2 1242 1301
./flow/4CM11_18_R_#47 2 1302 1611
./flow/4CM11_18_R_#47 2 1612 1652
./flow/4CM11_18_R_#47 2 1653 1920
./flow/4CM11_18_R_#47 1 1921 2152
./flow/4CM11_18_R_#47 2 2153 2198
./flow/4CM11_18_R_#47 2 2199 2442
./flow/4CM11_18_R_#47 1 2443 2641
./flow/4CM11_18_R_#47 2 2642 2682
./flow/4CM11_18_R_#47 2 2683 3038
./flow/4CM11_18_R_#47 2 3039 3087
./flow/4CM11_18_R_#47 2 3088 3308
./flow/4CM11_18_R_#47 2 3309 3357
./flow/4CM11_18_R_#47 2 3358 3621
./flow/4CM11_18_R_#47 2 3622 3663
./flow/4CM11_18_R_#47 1 3664 3691
./flow/4CM11_18_R_#48 1 1 12
./flow/4CM11_18_R_#48 2 13 65
./flow/4CM11_18_R_#48 2 66 270
./flow/4CM11_18_R_#48 2 271 318
./flow/4CM11_18_R_#48 2 319 507
./flow/4CM11_18_R_#48 2 508 546
./flow/4CM11_18_R_#48 2 547 801
./flow/4CM11_18_R_#48 1 802 1001
./flow/4CM11_18_R_#48 2 1002 1030
./flow/4CM11_18_R_#48 2 1031 1137
./flow/4CM11_18_R_#48 2 1138 1204
./flow/4CM11_18_R_#48 2 1205 1557
./flow/4CM11_18_R_#48 1 1558 1784
./flow/4CM11_18_R_#48 2 1785 1836
./flow/4CM11_18_R_#48 2 1837 2188
./flow/4CM11_18_R_#48 2 2189 2256
./flow/4CM11_18_R_#48 2 2257 2537
./flow/4CM11_18_R_#48 1 2538 2712
./flow/4CM11_18_R_#48 2 2713 2774
./flow/4CM11_18_R_#48 2 2775 2943
./flow/4CM11_18_R_#48 2 2944 2994
./flow/4CM11_18_R_#48 2 2995 3347
./flow/4CM11_18_R_#48 2 3348 3406
./flow/4CM11_18_R_#48 2 3407 3622
./flow/4CM11_18_R_#48 2 3623 3669
./flow/4CM11_18_R_#48 1 3670 3697
./flow/4CM11_20_R_#41 1 1 59
./flow/4CM11_20_R_#41 2 60 145
./flow/4CM11_20_R_#41 2 146 322
./flow/4CM11_20_R_#41 2 323 406
./flow/4CM11_20_R_#41 2 407 619
./flow/4CM11_20_R_#41 2 620 685
./flow/4CM11_20_R_#41 2 686 845
./flow/4CM11_20_R_#41 2 846 925
./flow/4CM11_20_R_#41 2 926 1108
./flow/4CM11_20_R_#41 1 1109 1470
./flow/4CM11_20_R_#41 2 1471 1583
./flow/4CM11_20_R_#41 2 1584 1721
./flow/4CM11_20_R_#41 2 1722 1768
./flow/4CM11_20_R_#41 2 1769 1975
./flow/4CM11_20_R_#41 1 1976 2226
./flow/4CM11_20_R_#41 2 2227 2320
./flow/4CM11_20_R_#41 2 2321 2528
./flow/4CM11_20_R_#41 2 2529 2607
./flow/4CM11_20_R_#41 2 2608 2786
./flow/4CM11_20_R_#41 2 2787 2869
./flow/4CM11_20_R_#41 2 2870 3068
./flow/4CM11_20_R_#41 1 3069 3349
./flow/4CM11_20_R_#41 2 3350 3456
./flow/4CM11_20_R_#41 2 3457 3622
./flow/4CM11_20_R_#41 2 3623 3693
./flow/4CM11_20_R_#41 1 3694 3746
./flow/4CM11_20_R_#42 1 1 29
./flow/4CM11_20_R_#42 2 30 147
./flow/4CM11_20_R_#42 2 148 331
./flow/4CM11_20_R_#42 2 332 402
./flow/4CM11_20_R_#42 2 403 594
./flow/4CM11_20_R_#42 2 595 665
./flow/4CM11_20_R_#42 2 666 818
./flow/4CM11_20_R_#42 2 819 906
./flow/4CM11_20_R_#42 2 907 1119
./flow/4CM11_20_R_#42 1 1120 1439
./flow/4CM11_20_R_#42 2 1440 1524
./flow/4CM11_20_R_#42 2 1525 1667
./flow/4CM11_20_R_#42 1 1668 2012
./flow/4CM11_20_R_#42 2 2013 2088
./flow/4CM11_20_R_#42 2 2089 2275
./flow/4CM11_20_R_#42 1 2276 2519
./flow/4CM11_20_R_#42 2 2520 2628
./flow/4CM11_20_R_#42 2 2629 2834
./flow/4CM11_20_R_#42 2 2835 2902
./flow/4CM11_20_R_#42 2 2903 3057
./flow/4CM11_20_R_#42 2 3058 3141
./flow/4CM11_20_R_#42 2 3142 3384
./flow/4CM11_20_R_#42 2 3385 3447
./flow/4CM11_20_R_#42 2 3448 3636
./flow/4CM11_20_R_#42 2 3637 3699
./flow/4CM11_20_R_#42 1 3700 3743
./flow/4CM11_20_R_#43 1 1 32
./flow/4CM11_20_R_#43 2 33 108
./flow/4CM11_20_R_#43 2 109 337
./flow/4CM11_20_R_#43 2 338 404
./flow/4CM11_20_R_#43 2 405 584
./flow/4CM11_20_R_#43 2 585 635
./flow/4CM11_20_R_#43 2 636 809
./flow/4CM11_20_R_#43 2 810 885
./flow/4CM11_20_R_#43 2 886 1076
./flow/4CM11_20_R_#43 2 1077 1152
./flow/4CM11_20_R_#43 2 1153 1348
./flow/4CM11_20_R_#43 2 1349 1422
./flow/4CM11_20_R_#43 2 1423 1611
./flow/4CM11_20_R_#43 1 1612 1923
./flow/4CM11_20_R_#43 2 1924 2004
./flow/4CM11_20_R_#43 2 2005 2201
./flow/4CM11_20_R_#43 2 2202 2271
./flow/4CM11_20_R_#43 2 2272 2550
./flow/4CM11_20_R_#43 1 2551 2870
./flow/4CM11_20_R_#43 2 2871 2948
./flow/4CM11_20_R_#43 2 2949 3206
./flow/4CM11_20_R_#43 1 3207 3618
./flow/4CM11_20_R_#43 2 3619 3704
./flow/4CM11_20_R_#43 2 3705 3907
./flow/4CM11_20_R_#43 2 3908 3978
./flow/4CM11_20_R_#43 1 3979 4005
./flow/4CM11_20_R_#44 1 1 50
./flow/4CM11_20_R_#44 2 51 161
./flow/4CM11_20_R_#44 2 162 324
./flow/4CM11_20_R_#44 2 325 386
./flow/4CM11_20_R_#44 2 387 665
./flow/4CM11_20_R_#44 2 666 745
./flow/4CM11_20_R_#44 2 746 1007
./flow/4CM11_20_R_#44 2 1008 1081
./flow/4CM11_20_R_#44 2 1082 1324
./flow/4CM11_20_R_#44 1 1325 1603
./flow/4CM11_20_R_#44 2 1604 1675
./flow/4CM11_20_R_#44 2 1676 1851
./flow/4CM11_20_R_#44 1 1852 2189
./flow/4CM11_20_R_#44 2 2190 2269
./flow/4CM11_20_R_#44 2 2270 2581
./flow/4CM11_20_R_#44 1 2582 2811
./flow/4CM11_20_R_#44 2 2812 2878
./flow/4CM11_20_R_#44 2 2879 3146
./flow/4CM11_20_R_#44 2 3147 3206
./flow/4CM11_20_R_#44 2 3207 3433
./flow/4CM11_20_R_#44 2 3434 3492
./flow/4CM11_20_R_#44 2 3493 3726
./flow/4CM11_20_R_#44 2 3727 3784
./flow/4CM11_20_R_#44 2 3785 3984
./flow/4CM11_20_R_#44 2 3985 4063
./flow/4CM11_20_R_#44 1 4064 4120
./flow/4CM11_24_L_#61 1 1 19
./flow/4CM11_24_L_#61 2 20 143
./flow/4CM11_24_L_#61 2 144 435
./flow/4CM11_24_L_#61 2 436 528
./flow/4CM11_24_L_#61 2 529 829
./flow/4CM11_24_L_#61 2 830 921
./flow/4CM11_24_L_#61 2 922 1145
./flow/4CM11_24_L_#61 2 1146 1237
./flow/4CM11_24_L_#61 2 1238 1450
./flow/4CM11_24_L_#61 2 1451 1517
./flow/4CM11_24_L_#61 2 1518 1744
./flow/4CM11_24_L_#61 2 1745 1851
./flow/4CM11_24_L_#61 2 1852 2075
./flow/4CM11_24_L_#61 1 2076 2220
./flow/4CM11_24_L_#61 2 2221 2363
./flow/4CM11_24_L_#61 2 2364 2603
./flow/4CM11_24_L_#61 2 2604 2678
./flow/4CM11_24_L_#61 2 2679 2883
./flow/4CM11_24_L_#61 1 2884 3065
./flow/4CM11_24_L_#61 2 3066 3170
./flow/4CM11_24_L_#61 2 3171 3365
./flow/4CM11_24_L_#61 1 3366 3583
./flow/4CM11_24_L_#61 2 3584 3682
./flow/4CM11_24_L_#61 2 3683 3906
./flow/4CM11_24_L_#61 2 3907 3981
./flow/4CM11_24_L_#61 1 3982 4026
./flow/4CM11_24_L_#62 1 1 76
./flow/4CM11_24_L_#62 2 77 144
./flow/4CM11_24_L_#62 2 145 343
./flow/4CM11_24_L_#62 2 344 422
./flow/4CM11_24_L_#62 2 423 640
./flow/4CM11_24_L_#62 2 641 691
./flow/4CM11_24_L_#62 2 692 899
./flow/4CM11_24_L_#62 1 900 1139
./flow/4CM11_24_L_#62 2 1140 1207
./flow/4CM11_24_L_#62 2 1208 1434
./flow/4CM11_24_L_#62 2 1435 1543
./flow/4CM11_24_L_#62 2 1544 1750
./flow/4CM11_24_L_#62 2 1751 1807
./flow/4CM11_24_L_#62 2 1808 2033
./flow/4CM11_24_L_#62 2 2034 2108
./flow/4CM11_24_L_#62 2 2109 2330
./flow/4CM11_24_L_#62 1 2331 2548
./flow/4CM11_24_L_#62 2 2549 2613
./flow/4CM11_24_L_#62 2 2614 2844
./flow/4CM11_24_L_#62 1 2845 3011
./flow/4CM11_24_L_#62 2 3012 3138
./flow/4CM11_24_L_#62 2 3139 3347
./flow/4CM11_24_L_#62 2 3348 3454
./flow/4CM11_24_L_#62 2 3455 3643
./flow/4CM11_24_L_#62 2 3644 3709
./flow/4CM11_24_L_#62 1 3710 3751
./flow/4CM11_24_L_#63 1 1 81
./flow/4CM11_24_L_#63 2 82 164
./flow/4CM11_24_L_#63 2 165 409
./flow/4CM11_24_L_#63 2 410 491
./flow/4CM11_24_L_#63 2 492 688
./flow/4CM11_24_L_#63 2 689 774
./flow/4CM11_24_L_#63 2 775 1021
./flow/4CM11_24_L_#63 2 1022 1101
./flow/4CM11_24_L_#63 2 1102 1328
./flow/4CM11_24_L_#63 1 1329 1589
./flow/4CM11_24_L_#63 2 1590 1656
./flow/4CM11_24_L_#63 2 1657 1904
./flow/4CM11_24_L_#63 2 1905 1965
./flow/4CM11_24_L_#63 2 1966 2221
./flow/4CM11_24_L_#63 2 2222 2275
./flow/4CM11_24_L_#63 2 2276 2510
./flow/4CM11_24_L_#63 2 2511 2630
./flow/4CM11_24_L_#63 2 2631 2798
./flow/4CM11_24_L_#63 1 2799 3069
./flow/4CM11_24_L_#63 2 3070 3176
./flow/4CM11_24_L_#63 2 3177 3381
./flow/4CM11_24_L_#63 1 3382 3590
./flow/4CM11_24_L_#63 2 3591 3697
./flow/4CM11_24_L_#63 2 3698 3887
./flow/4CM11_24_L_#63 2 3888 3973
./flow/4CM11_24_L_#63 1 3974 4000
./flow/4CM11_24_L_#64 1 1 68
./flow/4CM11_24_L_#64 2 69 147
./flow/4CM11_24_L_#64 2 148 366
./flow/4CM11_24_L_#64 2 367 428
./flow/4CM11_24_L_#64 2 429 652
./flow/4CM11_24_L_#64 2 653 724
./flow/4CM11_24_L_#64 2 725 956
./flow/4CM11_24_L_#64 2 957 1045
./flow/4CM11_24_L_#64 2 1046 1263
./flow/4CM11_24_L_#64 2 1264 1329
./flow/4CM11_24_L_#64 2 1330 1585
./flow/4CM11_24_L_#64 1 1586 1809
./flow/4CM11_24_L_#64 2 1810 1904
./flow/4CM11_24_L_#64 2 1905 2081
./flow/4CM11_24_L_#64 1 2082 2284
./flow/4CM11_24_L_#64 2 2285 2442
./flow/4CM11_24_L_#64 2 2443 2636
./flow/4CM11_24_L_#64 1 2637 2881
./flow/4CM11_24_L_#64 2 2882 2968
./flow/4CM11_24_L_#64 2 2969 3210
./flow/4CM11_24_L_#64 2 3211 3295
./flow/4CM11_24_L_#64 2 3296 3525
./flow/4CM11_24_L_#64 2 3526 3630
./flow/4CM11_24_L_#64 2 3631 3813
./flow/4CM11_24_L_#64 2 3814 3886
./flow/4CM11_24_L_#64 1 3887 3920
